CHROM	POS	REF	ALT	ANN[*].GENE	ANN[*].GENEID	ANN[*].IMPACT	ANN[*].EFFECT	ANN[*].FEATURE	ANN[*].FEATUREID	ANN[*].BIOTYPE	ANN[*].RANK	ANN[*].HGVS_C	ANN[*].HGVS_P	ANN[*].CDNA_POS	ANN[*].CDNA_LEN	ANN[*].CDS_POS	ANN[*].CDS_LEN	ANN[*].AA_POS	ANN[*].AA_LEN	ANN[*].DISTANCE	EFF[*].EFFECT	EFF[*].FUNCLASS	EFF[*].CODON	EFF[*].AA	EFF[*].AA_LEN
NC_045512.2	93	TG	T	ORF1ab	gene-GU280_gp01	MODIFIER	upstream_gene_variant	transcript	TRANSCRIPT_gene-GU280_gp01	protein_coding	-1	c.-172delG	.	-1	-1	-1	-1	-1	-1	172	upstream_gene_variant	NONE	c.-172delG	.	-1
NC_045512.2	93	TG	T	CHR_START-ORF1ab	CHR_START-gene-GU280_gp01	MODIFIER	intergenic_region	intergenic_region	CHR_START-gene-GU280_gp01	.	-1	n.94delG	.	-1	-1	-1	-1	-1	-1	0	intergenic_region	NONE	n.94delG	.	-1
NC_045512.2	120	T	G	ORF1ab	gene-GU280_gp01	MODIFIER	upstream_gene_variant	transcript	TRANSCRIPT_gene-GU280_gp01	protein_coding	-1	c.-146T>G	.	-1	-1	-1	-1	-1	-1	146	upstream_gene_variant	NONE	c.-146T>G	.	-1
NC_045512.2	120	T	G	CHR_START-ORF1ab	CHR_START-gene-GU280_gp01	MODIFIER	intergenic_region	intergenic_region	CHR_START-gene-GU280_gp01	.	-1	n.120T>G	.	-1	-1	-1	-1	-1	-1	0	intergenic_region	NONE	n.120T>G	.	-1
NC_045512.2	157	C	A	ORF1ab	gene-GU280_gp01	MODIFIER	upstream_gene_variant	transcript	TRANSCRIPT_gene-GU280_gp01	protein_coding	-1	c.-109C>A	.	-1	-1	-1	-1	-1	-1	109	upstream_gene_variant	NONE	c.-109C>A	.	-1
NC_045512.2	157	C	A	CHR_START-ORF1ab	CHR_START-gene-GU280_gp01	MODIFIER	intergenic_region	intergenic_region	CHR_START-gene-GU280_gp01	.	-1	n.157C>A	.	-1	-1	-1	-1	-1	-1	0	intergenic_region	NONE	n.157C>A	.	-1
NC_045512.2	193	C	T	ORF1ab	gene-GU280_gp01	MODIFIER	upstream_gene_variant	transcript	TRANSCRIPT_gene-GU280_gp01	protein_coding	-1	c.-73C>T	.	-1	-1	-1	-1	-1	-1	73	upstream_gene_variant	NONE	c.-73C>T	.	-1
NC_045512.2	193	C	T	CHR_START-ORF1ab	CHR_START-gene-GU280_gp01	MODIFIER	intergenic_region	intergenic_region	CHR_START-gene-GU280_gp01	.	-1	n.193C>T	.	-1	-1	-1	-1	-1	-1	0	intergenic_region	NONE	n.193C>T	.	-1
NC_045512.2	241	C	T	ORF1ab	gene-GU280_gp01	MODIFIER	upstream_gene_variant	transcript	TRANSCRIPT_gene-GU280_gp01	protein_coding	-1	c.-25C>T	.	-1	-1	-1	-1	-1	-1	25	upstream_gene_variant	NONE	c.-25C>T	.	-1
NC_045512.2	241	C	T	CHR_START-ORF1ab	CHR_START-gene-GU280_gp01	MODIFIER	intergenic_region	intergenic_region	CHR_START-gene-GU280_gp01	.	-1	n.241C>T	.	-1	-1	-1	-1	-1	-1	0	intergenic_region	NONE	n.241C>T	.	-1
NC_045512.2	285	G	T	ORF1ab	gene-GU280_gp01	MODERATE	missense_variant	transcript	TRANSCRIPT_gene-GU280_gp01	protein_coding	1	c.20G>T	p.Gly7Val	20	21290	20	21290	7	7095	0	missense_variant	NONE	c.20G>T	p.Gly7Val	7095
NC_045512.2	308	C	T	ORF1ab	gene-GU280_gp01	HIGH	stop_gained	transcript	TRANSCRIPT_gene-GU280_gp01	protein_coding	1	c.43C>T	p.Gln15*	43	21290	43	21290	15	7095	0	stop_gained	NONE	c.43C>T	p.Gln15*	7095
NC_045512.2	354	G	A	ORF1ab	gene-GU280_gp01	MODERATE	missense_variant	transcript	TRANSCRIPT_gene-GU280_gp01	protein_coding	1	c.89G>A	p.Gly30Asp	89	21290	89	21290	30	7095	0	missense_variant	NONE	c.89G>A	p.Gly30Asp	7095
NC_045512.2	542	G	C	ORF1ab	gene-GU280_gp01	MODERATE	missense_variant	transcript	TRANSCRIPT_gene-GU280_gp01	protein_coding	1	c.277G>C	p.Glu93Gln	277	21290	277	21290	93	7095	0	missense_variant	NONE	c.277G>C	p.Glu93Gln	7095
NC_045512.2	801	GA	G	ORF1ab	gene-GU280_gp01	HIGH	frameshift_variant	transcript	TRANSCRIPT_gene-GU280_gp01	protein_coding	1	c.537delA	p.Ala181fs	537	21290	537	21290	179	7095	0	frameshift_variant	NONE	c.537delA	p.Ala181fs	7095
NC_045512.2	854	C	T	ORF1ab	gene-GU280_gp01	MODERATE	missense_variant	transcript	TRANSCRIPT_gene-GU280_gp01	protein_coding	1	c.589C>T	p.Pro197Ser	589	21290	589	21290	197	7095	0	missense_variant	NONE	c.589C>T	p.Pro197Ser	7095
NC_045512.2	986	TAC	T	ORF1ab	gene-GU280_gp01	HIGH	frameshift_variant	transcript	TRANSCRIPT_gene-GU280_gp01	protein_coding	1	c.724_725delAC	p.Thr242fs	724	21290	724	21290	242	7095	0	frameshift_variant	NONE	c.724_725delAC	p.Thr242fs	7095
NC_045512.2	988	C	T	ORF1ab	gene-GU280_gp01	LOW	synonymous_variant	transcript	TRANSCRIPT_gene-GU280_gp01	protein_coding	1	c.723C>T	p.Tyr241Tyr	723	21290	723	21290	241	7095	0	synonymous_variant	NONE	c.723C>T	p.Tyr241Tyr	7095
NC_045512.2	1014	A	G	ORF1ab	gene-GU280_gp01	MODERATE	missense_variant	transcript	TRANSCRIPT_gene-GU280_gp01	protein_coding	1	c.749A>G	p.Glu250Gly	749	21290	749	21290	250	7095	0	missense_variant	NONE	c.749A>G	p.Glu250Gly	7095
NC_045512.2	1015	A	T	ORF1ab	gene-GU280_gp01	MODERATE	missense_variant	transcript	TRANSCRIPT_gene-GU280_gp01	protein_coding	1	c.750A>T	p.Glu250Asp	750	21290	750	21290	250	7095	0	missense_variant	NONE	c.750A>T	p.Glu250Asp	7095
NC_045512.2	1021	G	T	ORF1ab	gene-GU280_gp01	MODERATE	missense_variant	transcript	TRANSCRIPT_gene-GU280_gp01	protein_coding	1	c.756G>T	p.Gln252His	756	21290	756	21290	252	7095	0	missense_variant	NONE	c.756G>T	p.Gln252His	7095
NC_045512.2	1051	A	G	ORF1ab	gene-GU280_gp01	LOW	synonymous_variant	transcript	TRANSCRIPT_gene-GU280_gp01	protein_coding	1	c.786A>G	p.Lys262Lys	786	21290	786	21290	262	7095	0	synonymous_variant	NONE	c.786A>G	p.Lys262Lys	7095
NC_045512.2	1059	C	T	ORF1ab	gene-GU280_gp01	MODERATE	missense_variant	transcript	TRANSCRIPT_gene-GU280_gp01	protein_coding	1	c.794C>T	p.Thr265Ile	794	21290	794	21290	265	7095	0	missense_variant	NONE	c.794C>T	p.Thr265Ile	7095
NC_045512.2	1137	A	AG	ORF1ab	gene-GU280_gp01	HIGH	frameshift_variant	transcript	TRANSCRIPT_gene-GU280_gp01	protein_coding	1	c.872_873insG	p.Leu293fs	873	21290	873	21290	291	7095	0	frameshift_variant	NONE	c.872_873insG	p.Leu293fs	7095
NC_045512.2	1174	C	T	ORF1ab	gene-GU280_gp01	LOW	synonymous_variant	transcript	TRANSCRIPT_gene-GU280_gp01	protein_coding	1	c.909C>T	p.Val303Val	909	21290	909	21290	303	7095	0	synonymous_variant	NONE	c.909C>T	p.Val303Val	7095
NC_045512.2	1184	G	C	ORF1ab	gene-GU280_gp01	MODERATE	missense_variant	transcript	TRANSCRIPT_gene-GU280_gp01	protein_coding	1	c.919G>C	p.Ala307Pro	919	21290	919	21290	307	7095	0	missense_variant	NONE	c.919G>C	p.Ala307Pro	7095
NC_045512.2	1268	G	T	ORF1ab	gene-GU280_gp01	MODERATE	missense_variant	transcript	TRANSCRIPT_gene-GU280_gp01	protein_coding	1	c.1003G>T	p.Asp335Tyr	1003	21290	1003	21290	335	7095	0	missense_variant	NONE	c.1003G>T	p.Asp335Tyr	7095
NC_045512.2	1363	TA	T	ORF1ab	gene-GU280_gp01	HIGH	frameshift_variant	transcript	TRANSCRIPT_gene-GU280_gp01	protein_coding	1	c.1102delA	p.Ile368fs	1102	21290	1102	21290	368	7095	0	frameshift_variant	NONE	c.1102delA	p.Ile368fs	7095
NC_045512.2	1622	A	T	ORF1ab	gene-GU280_gp01	MODERATE	missense_variant	transcript	TRANSCRIPT_gene-GU280_gp01	protein_coding	1	c.1357A>T	p.Ile453Leu	1357	21290	1357	21290	453	7095	0	missense_variant	NONE	c.1357A>T	p.Ile453Leu	7095
NC_045512.2	1663	CT	C	ORF1ab	gene-GU280_gp01	HIGH	frameshift_variant	transcript	TRANSCRIPT_gene-GU280_gp01	protein_coding	1	c.1401delT	p.Phe467fs	1401	21290	1401	21290	467	7095	0	frameshift_variant	NONE	c.1401delT	p.Phe467fs	7095
NC_045512.2	1671	T	C	ORF1ab	gene-GU280_gp01	MODERATE	missense_variant	transcript	TRANSCRIPT_gene-GU280_gp01	protein_coding	1	c.1406T>C	p.Leu469Pro	1406	21290	1406	21290	469	7095	0	missense_variant	NONE	c.1406T>C	p.Leu469Pro	7095
NC_045512.2	1702	T	C	ORF1ab	gene-GU280_gp01	LOW	synonymous_variant	transcript	TRANSCRIPT_gene-GU280_gp01	protein_coding	1	c.1437T>C	p.Ser479Ser	1437	21290	1437	21290	479	7095	0	synonymous_variant	NONE	c.1437T>C	p.Ser479Ser	7095
NC_045512.2	1722	CT	C	ORF1ab	gene-GU280_gp01	HIGH	frameshift_variant	transcript	TRANSCRIPT_gene-GU280_gp01	protein_coding	1	c.1461delT	p.Phe487fs	1461	21290	1461	21290	487	7095	0	frameshift_variant	NONE	c.1461delT	p.Phe487fs	7095
NC_045512.2	1800	C	T	ORF1ab	gene-GU280_gp01	MODERATE	missense_variant	transcript	TRANSCRIPT_gene-GU280_gp01	protein_coding	1	c.1535C>T	p.Thr512Ile	1535	21290	1535	21290	512	7095	0	missense_variant	NONE	c.1535C>T	p.Thr512Ile	7095
NC_045512.2	1862	CT	C	ORF1ab	gene-GU280_gp01	HIGH	frameshift_variant	transcript	TRANSCRIPT_gene-GU280_gp01	protein_coding	1	c.1600delT	p.Tyr534fs	1600	21290	1600	21290	534	7095	0	frameshift_variant	NONE	c.1600delT	p.Tyr534fs	7095
NC_045512.2	1931	CAA	C	ORF1ab	gene-GU280_gp01	HIGH	frameshift_variant	transcript	TRANSCRIPT_gene-GU280_gp01	protein_coding	1	c.1669_1670delAA	p.Asn557fs	1669	21290	1669	21290	557	7095	0	frameshift_variant	NONE	c.1669_1670delAA	p.Asn557fs	7095
NC_045512.2	1931	C	CA	ORF1ab	gene-GU280_gp01	HIGH	frameshift_variant	transcript	TRANSCRIPT_gene-GU280_gp01	protein_coding	1	c.1670dupA	p.Asn557fs	1671	21290	1671	21290	557	7095	0	frameshift_variant	NONE	c.1670dupA	p.Asn557fs	7095
NC_045512.2	1937	T	C	ORF1ab	gene-GU280_gp01	MODERATE	missense_variant	transcript	TRANSCRIPT_gene-GU280_gp01	protein_coding	1	c.1672T>C	p.Ser558Pro	1672	21290	1672	21290	558	7095	0	missense_variant	NONE	c.1672T>C	p.Ser558Pro	7095
NC_045512.2	1946	GTT	G	ORF1ab	gene-GU280_gp01	HIGH	frameshift_variant	transcript	TRANSCRIPT_gene-GU280_gp01	protein_coding	1	c.1684_1685delTT	p.Leu562fs	1684	21290	1684	21290	562	7095	0	frameshift_variant	NONE	c.1684_1685delTT	p.Leu562fs	7095
NC_045512.2	1960	CG	C	ORF1ab	gene-GU280_gp01	HIGH	frameshift_variant	transcript	TRANSCRIPT_gene-GU280_gp01	protein_coding	1	c.1696delG	p.Ala566fs	1696	21290	1696	21290	566	7095	0	frameshift_variant	NONE	c.1696delG	p.Ala566fs	7095
NC_045512.2	2268	CA	C	ORF1ab	gene-GU280_gp01	HIGH	frameshift_variant	transcript	TRANSCRIPT_gene-GU280_gp01	protein_coding	1	c.2006delA	p.Lys669fs	2006	21290	2006	21290	669	7095	0	frameshift_variant	NONE	c.2006delA	p.Lys669fs	7095
NC_045512.2	2412	T	G	ORF1ab	gene-GU280_gp01	MODERATE	missense_variant	transcript	TRANSCRIPT_gene-GU280_gp01	protein_coding	1	c.2147T>G	p.Leu716Trp	2147	21290	2147	21290	716	7095	0	missense_variant	NONE	c.2147T>G	p.Leu716Trp	7095
NC_045512.2	2424	G	T	ORF1ab	gene-GU280_gp01	MODERATE	missense_variant	transcript	TRANSCRIPT_gene-GU280_gp01	protein_coding	1	c.2159G>T	p.Cys720Phe	2159	21290	2159	21290	720	7095	0	missense_variant	NONE	c.2159G>T	p.Cys720Phe	7095
NC_045512.2	2438	GA	G	ORF1ab	gene-GU280_gp01	HIGH	frameshift_variant	transcript	TRANSCRIPT_gene-GU280_gp01	protein_coding	1	c.2175delA	p.Glu726fs	2175	21290	2175	21290	725	7095	0	frameshift_variant	NONE	c.2175delA	p.Glu726fs	7095
NC_045512.2	2439	AAG	A	ORF1ab	gene-GU280_gp01	HIGH	frameshift_variant	transcript	TRANSCRIPT_gene-GU280_gp01	protein_coding	1	c.2176_2177delGA	p.Glu726fs	2176	21290	2176	21290	726	7095	0	frameshift_variant	NONE	c.2176_2177delGA	p.Glu726fs	7095
NC_045512.2	2448	G	C	ORF1ab	gene-GU280_gp01	MODERATE	missense_variant	transcript	TRANSCRIPT_gene-GU280_gp01	protein_coding	1	c.2183G>C	p.Gly728Ala	2183	21290	2183	21290	728	7095	0	missense_variant	NONE	c.2183G>C	p.Gly728Ala	7095
NC_045512.2	2508	CCA	C	ORF1ab	gene-GU280_gp01	HIGH	frameshift_variant	transcript	TRANSCRIPT_gene-GU280_gp01	protein_coding	1	c.2246_2247delCA	p.Thr749fs	2246	21290	2246	21290	749	7095	0	frameshift_variant	NONE	c.2246_2247delCA	p.Thr749fs	7095
NC_045512.2	2528	GA	G	ORF1ab	gene-GU280_gp01	HIGH	frameshift_variant	transcript	TRANSCRIPT_gene-GU280_gp01	protein_coding	1	c.2265delA	p.Val756fs	2265	21290	2265	21290	755	7095	0	frameshift_variant	NONE	c.2265delA	p.Val756fs	7095
NC_045512.2	2531	G	T	ORF1ab	gene-GU280_gp01	MODERATE	missense_variant	transcript	TRANSCRIPT_gene-GU280_gp01	protein_coding	1	c.2266G>T	p.Val756Phe	2266	21290	2266	21290	756	7095	0	missense_variant	NONE	c.2266G>T	p.Val756Phe	7095
NC_045512.2	2548	TG	T	ORF1ab	gene-GU280_gp01	HIGH	frameshift_variant	transcript	TRANSCRIPT_gene-GU280_gp01	protein_coding	1	c.2284delG	p.Asp762fs	2284	21290	2284	21290	762	7095	0	frameshift_variant	NONE	c.2284delG	p.Asp762fs	7095
NC_045512.2	2634	TG	T	ORF1ab	gene-GU280_gp01	HIGH	frameshift_variant	transcript	TRANSCRIPT_gene-GU280_gp01	protein_coding	1	c.2370delG	p.Leu790fs	2370	21290	2370	21290	790	7095	0	frameshift_variant	NONE	c.2370delG	p.Leu790fs	7095
NC_045512.2	2890	G	T	ORF1ab	gene-GU280_gp01	LOW	synonymous_variant	transcript	TRANSCRIPT_gene-GU280_gp01	protein_coding	1	c.2625G>T	p.Val875Val	2625	21290	2625	21290	875	7095	0	synonymous_variant	NONE	c.2625G>T	p.Val875Val	7095
NC_045512.2	3037	C	T	ORF1ab	gene-GU280_gp01	LOW	synonymous_variant	transcript	TRANSCRIPT_gene-GU280_gp01	protein_coding	1	c.2772C>T	p.Phe924Phe	2772	21290	2772	21290	924	7095	0	synonymous_variant	NONE	c.2772C>T	p.Phe924Phe	7095
NC_045512.2	3167	GCT	G	ORF1ab	gene-GU280_gp01	HIGH	frameshift_variant	transcript	TRANSCRIPT_gene-GU280_gp01	protein_coding	1	c.2905_2906delCT	p.Leu969fs	2905	21290	2905	21290	969	7095	0	frameshift_variant	NONE	c.2905_2906delCT	p.Leu969fs	7095
NC_045512.2	3168	C	T	ORF1ab	gene-GU280_gp01	MODERATE	missense_variant	transcript	TRANSCRIPT_gene-GU280_gp01	protein_coding	1	c.2903C>T	p.Ala968Val	2903	21290	2903	21290	968	7095	0	missense_variant	NONE	c.2903C>T	p.Ala968Val	7095
NC_045512.2	3248	G	C	ORF1ab	gene-GU280_gp01	MODERATE	missense_variant	transcript	TRANSCRIPT_gene-GU280_gp01	protein_coding	1	c.2983G>C	p.Glu995Gln	2983	21290	2983	21290	995	7095	0	missense_variant	NONE	c.2983G>C	p.Glu995Gln	7095
NC_045512.2	3338	G	A	ORF1ab	gene-GU280_gp01	MODERATE	missense_variant	transcript	TRANSCRIPT_gene-GU280_gp01	protein_coding	1	c.3073G>A	p.Val1025Met	3073	21290	3073	21290	1025	7095	0	missense_variant	NONE	c.3073G>A	p.Val1025Met	7095
NC_045512.2	3385	TA	T	ORF1ab	gene-GU280_gp01	HIGH	frameshift_variant	transcript	TRANSCRIPT_gene-GU280_gp01	protein_coding	1	c.3125delA	p.Asn1042fs	3125	21290	3125	21290	1042	7095	0	frameshift_variant	NONE	c.3125delA	p.Asn1042fs	7095
NC_045512.2	3403	G	C	ORF1ab	gene-GU280_gp01	LOW	synonymous_variant	transcript	TRANSCRIPT_gene-GU280_gp01	protein_coding	1	c.3138G>C	p.Val1046Val	3138	21290	3138	21290	1046	7095	0	synonymous_variant	NONE	c.3138G>C	p.Val1046Val	7095
NC_045512.2	3418	G	A	ORF1ab	gene-GU280_gp01	LOW	synonymous_variant	transcript	TRANSCRIPT_gene-GU280_gp01	protein_coding	1	c.3153G>A	p.Lys1051Lys	3153	21290	3153	21290	1051	7095	0	synonymous_variant	NONE	c.3153G>A	p.Lys1051Lys	7095
NC_045512.2	3456	A	G	ORF1ab	gene-GU280_gp01	MODERATE	missense_variant	transcript	TRANSCRIPT_gene-GU280_gp01	protein_coding	1	c.3191A>G	p.Tyr1064Cys	3191	21290	3191	21290	1064	7095	0	missense_variant	NONE	c.3191A>G	p.Tyr1064Cys	7095
NC_045512.2	3565	T	C	ORF1ab	gene-GU280_gp01	LOW	synonymous_variant	transcript	TRANSCRIPT_gene-GU280_gp01	protein_coding	1	c.3300T>C	p.Gly1100Gly	3300	21290	3300	21290	1100	7095	0	synonymous_variant	NONE	c.3300T>C	p.Gly1100Gly	7095
NC_045512.2	3649	T	C	ORF1ab	gene-GU280_gp01	LOW	synonymous_variant	transcript	TRANSCRIPT_gene-GU280_gp01	protein_coding	1	c.3384T>C	p.Ile1128Ile	3384	21290	3384	21290	1128	7095	0	synonymous_variant	NONE	c.3384T>C	p.Ile1128Ile	7095
NC_045512.2	3777	CA	C	ORF1ab	gene-GU280_gp01	HIGH	frameshift_variant	transcript	TRANSCRIPT_gene-GU280_gp01	protein_coding	1	c.3515delA	p.Asn1172fs	3515	21290	3515	21290	1172	7095	0	frameshift_variant	NONE	c.3515delA	p.Asn1172fs	7095
NC_045512.2	3779	A	G	ORF1ab	gene-GU280_gp01	MODERATE	missense_variant	transcript	TRANSCRIPT_gene-GU280_gp01	protein_coding	1	c.3514A>G	p.Asn1172Asp	3514	21290	3514	21290	1172	7095	0	missense_variant	NONE	c.3514A>G	p.Asn1172Asp	7095
NC_045512.2	3805	A	T	ORF1ab	gene-GU280_gp01	MODERATE	missense_variant	transcript	TRANSCRIPT_gene-GU280_gp01	protein_coding	1	c.3540A>T	p.Lys1180Asn	3540	21290	3540	21290	1180	7095	0	missense_variant	NONE	c.3540A>T	p.Lys1180Asn	7095
NC_045512.2	3906	T	C	ORF1ab	gene-GU280_gp01	MODERATE	missense_variant	transcript	TRANSCRIPT_gene-GU280_gp01	protein_coding	1	c.3641T>C	p.Phe1214Ser	3641	21290	3641	21290	1214	7095	0	missense_variant	NONE	c.3641T>C	p.Phe1214Ser	7095
NC_045512.2	3955	G	A	ORF1ab	gene-GU280_gp01	LOW	synonymous_variant	transcript	TRANSCRIPT_gene-GU280_gp01	protein_coding	1	c.3690G>A	p.Lys1230Lys	3690	21290	3690	21290	1230	7095	0	synonymous_variant	NONE	c.3690G>A	p.Lys1230Lys	7095
NC_045512.2	3984	C	T	ORF1ab	gene-GU280_gp01	MODERATE	missense_variant	transcript	TRANSCRIPT_gene-GU280_gp01	protein_coding	1	c.3719C>T	p.Thr1240Ile	3719	21290	3719	21290	1240	7095	0	missense_variant	NONE	c.3719C>T	p.Thr1240Ile	7095
NC_045512.2	4001	A	G	ORF1ab	gene-GU280_gp01	MODERATE	missense_variant	transcript	TRANSCRIPT_gene-GU280_gp01	protein_coding	1	c.3736A>G	p.Thr1246Ala	3736	21290	3736	21290	1246	7095	0	missense_variant	NONE	c.3736A>G	p.Thr1246Ala	7095
NC_045512.2	4003	T	C	ORF1ab	gene-GU280_gp01	LOW	synonymous_variant	transcript	TRANSCRIPT_gene-GU280_gp01	protein_coding	1	c.3738T>C	p.Thr1246Thr	3738	21290	3738	21290	1246	7095	0	synonymous_variant	NONE	c.3738T>C	p.Thr1246Thr	7095
NC_045512.2	4016	GA	G	ORF1ab	gene-GU280_gp01	HIGH	frameshift_variant	transcript	TRANSCRIPT_gene-GU280_gp01	protein_coding	1	c.3755delA	p.Asn1252fs	3755	21290	3755	21290	1252	7095	0	frameshift_variant	NONE	c.3755delA	p.Asn1252fs	7095
NC_045512.2	4018	A	T	ORF1ab	gene-GU280_gp01	MODERATE	missense_variant	transcript	TRANSCRIPT_gene-GU280_gp01	protein_coding	1	c.3753A>T	p.Glu1251Asp	3753	21290	3753	21290	1251	7095	0	missense_variant	NONE	c.3753A>T	p.Glu1251Asp	7095
NC_045512.2	4030	T	C	ORF1ab	gene-GU280_gp01	LOW	synonymous_variant	transcript	TRANSCRIPT_gene-GU280_gp01	protein_coding	1	c.3765T>C	p.Leu1255Leu	3765	21290	3765	21290	1255	7095	0	synonymous_variant	NONE	c.3765T>C	p.Leu1255Leu	7095
NC_045512.2	4052	C	T	ORF1ab	gene-GU280_gp01	MODERATE	missense_variant	transcript	TRANSCRIPT_gene-GU280_gp01	protein_coding	1	c.3787C>T	p.Leu1263Phe	3787	21290	3787	21290	1263	7095	0	missense_variant	NONE	c.3787C>T	p.Leu1263Phe	7095
NC_045512.2	4212	CT	C	ORF1ab	gene-GU280_gp01	HIGH	frameshift_variant	transcript	TRANSCRIPT_gene-GU280_gp01	protein_coding	1	c.3950delT	p.Leu1317fs	3950	21290	3950	21290	1317	7095	0	frameshift_variant	NONE	c.3950delT	p.Leu1317fs	7095
NC_045512.2	4303	TAA	T	ORF1ab	gene-GU280_gp01	HIGH	frameshift_variant	transcript	TRANSCRIPT_gene-GU280_gp01	protein_coding	1	c.4042_4043delAA	p.Lys1348fs	4042	21290	4042	21290	1348	7095	0	frameshift_variant	NONE	c.4042_4043delAA	p.Lys1348fs	7095
NC_045512.2	4310	T	C	ORF1ab	gene-GU280_gp01	MODERATE	missense_variant	transcript	TRANSCRIPT_gene-GU280_gp01	protein_coding	1	c.4045T>C	p.Cys1349Arg	4045	21290	4045	21290	1349	7095	0	missense_variant	NONE	c.4045T>C	p.Cys1349Arg	7095
NC_045512.2	4321	CT	C	ORF1ab	gene-GU280_gp01	HIGH	frameshift_variant	transcript	TRANSCRIPT_gene-GU280_gp01	protein_coding	1	c.4060delT	p.Tyr1354fs	4060	21290	4060	21290	1354	7095	0	frameshift_variant	NONE	c.4060delT	p.Tyr1354fs	7095
NC_045512.2	4321	C	CT	ORF1ab	gene-GU280_gp01	HIGH	frameshift_variant	transcript	TRANSCRIPT_gene-GU280_gp01	protein_coding	1	c.4060dupT	p.Tyr1354fs	4061	21290	4061	21290	1354	7095	0	frameshift_variant	NONE	c.4060dupT	p.Tyr1354fs	7095
NC_045512.2	4322	T	C	ORF1ab	gene-GU280_gp01	MODERATE	missense_variant	transcript	TRANSCRIPT_gene-GU280_gp01	protein_coding	1	c.4057T>C	p.Phe1353Leu	4057	21290	4057	21290	1353	7095	0	missense_variant	NONE	c.4057T>C	p.Phe1353Leu	7095
NC_045512.2	4339	T	G	ORF1ab	gene-GU280_gp01	LOW	synonymous_variant	transcript	TRANSCRIPT_gene-GU280_gp01	protein_coding	1	c.4074T>G	p.Ser1358Ser	4074	21290	4074	21290	1358	7095	0	synonymous_variant	NONE	c.4074T>G	p.Ser1358Ser	7095
NC_045512.2	4405	A	G	ORF1ab	gene-GU280_gp01	LOW	synonymous_variant	transcript	TRANSCRIPT_gene-GU280_gp01	protein_coding	1	c.4140A>G	p.Ala1380Ala	4140	21290	4140	21290	1380	7095	0	synonymous_variant	NONE	c.4140A>G	p.Ala1380Ala	7095
NC_045512.2	4410	CAGA	C	ORF1ab	gene-GU280_gp01	MODERATE	conservative_inframe_deletion	transcript	TRANSCRIPT_gene-GU280_gp01	protein_coding	1	c.4150_4152delGAA	p.Glu1384del	4150	21290	4150	21290	1384	7095	0	conservative_inframe_deletion	NONE	c.4150_4152delGAA	p.Glu1384del	7095
NC_045512.2	4414	A	T	ORF1ab	gene-GU280_gp01	MODERATE	missense_variant	transcript	TRANSCRIPT_gene-GU280_gp01	protein_coding	1	c.4149A>T	p.Glu1383Asp	4149	21290	4149	21290	1383	7095	0	missense_variant	NONE	c.4149A>T	p.Glu1383Asp	7095
NC_045512.2	4422	G	A	ORF1ab	gene-GU280_gp01	MODERATE	missense_variant	transcript	TRANSCRIPT_gene-GU280_gp01	protein_coding	1	c.4157G>A	p.Arg1386His	4157	21290	4157	21290	1386	7095	0	missense_variant	NONE	c.4157G>A	p.Arg1386His	7095
NC_045512.2	4432	G	C	ORF1ab	gene-GU280_gp01	MODERATE	missense_variant	transcript	TRANSCRIPT_gene-GU280_gp01	protein_coding	1	c.4167G>C	p.Met1389Ile	4167	21290	4167	21290	1389	7095	0	missense_variant	NONE	c.4167G>C	p.Met1389Ile	7095
NC_045512.2	4434	C	T	ORF1ab	gene-GU280_gp01	MODERATE	missense_variant	transcript	TRANSCRIPT_gene-GU280_gp01	protein_coding	1	c.4169C>T	p.Pro1390Leu	4169	21290	4169	21290	1390	7095	0	missense_variant	NONE	c.4169C>T	p.Pro1390Leu	7095
NC_045512.2	4441	T	C	ORF1ab	gene-GU280_gp01	LOW	synonymous_variant	transcript	TRANSCRIPT_gene-GU280_gp01	protein_coding	1	c.4176T>C	p.Cys1392Cys	4176	21290	4176	21290	1392	7095	0	synonymous_variant	NONE	c.4176T>C	p.Cys1392Cys	7095
NC_045512.2	4454	G	C	ORF1ab	gene-GU280_gp01	MODERATE	missense_variant	transcript	TRANSCRIPT_gene-GU280_gp01	protein_coding	1	c.4189G>C	p.Ala1397Pro	4189	21290	4189	21290	1397	7095	0	missense_variant	NONE	c.4189G>C	p.Ala1397Pro	7095
NC_045512.2	4459	A	G	ORF1ab	gene-GU280_gp01	MODERATE	missense_variant	transcript	TRANSCRIPT_gene-GU280_gp01	protein_coding	1	c.4194A>G	p.Ile1398Met	4194	21290	4194	21290	1398	7095	0	missense_variant	NONE	c.4194A>G	p.Ile1398Met	7095
NC_045512.2	4477	TA	T	ORF1ab	gene-GU280_gp01	HIGH	frameshift_variant	transcript	TRANSCRIPT_gene-GU280_gp01	protein_coding	1	c.4215delA	p.Lys1405fs	4215	21290	4215	21290	1405	7095	0	frameshift_variant	NONE	c.4215delA	p.Lys1405fs	7095
NC_045512.2	4524	CTAGATTTTACTTTTACACCAGTAAAACAACTG	C	ORF1ab	gene-GU280_gp01	HIGH	frameshift_variant	transcript	TRANSCRIPT_gene-GU280_gp01	protein_coding	1	c.4263_4294delATTTTACTTTTACACCAGTAAAACAACTGTAG	p.Arg1421fs	4263	21290	4263	21290	1421	7095	0	frameshift_variant	NONE	c.4263_4294delATTTTACTTTTACACCAGTAAAACAACTGTAG	p.Arg1421fs	7095
NC_045512.2	4710	CTG	C	ORF1ab	gene-GU280_gp01	HIGH	frameshift_variant	transcript	TRANSCRIPT_gene-GU280_gp01	protein_coding	1	c.4447_4448delGT	p.Val1483fs	4447	21290	4447	21290	1483	7095	0	frameshift_variant	NONE	c.4447_4448delGT	p.Val1483fs	7095
NC_045512.2	4764	ATT	A	ORF1ab	gene-GU280_gp01	HIGH	frameshift_variant	transcript	TRANSCRIPT_gene-GU280_gp01	protein_coding	1	c.4502_4503delTT	p.Phe1501fs	4502	21290	4502	21290	1501	7095	0	frameshift_variant	NONE	c.4502_4503delTT	p.Phe1501fs	7095
NC_045512.2	4764	AT	A	ORF1ab	gene-GU280_gp01	HIGH	frameshift_variant	transcript	TRANSCRIPT_gene-GU280_gp01	protein_coding	1	c.4503delT	p.Phe1501fs	4503	21290	4503	21290	1501	7095	0	frameshift_variant	NONE	c.4503delT	p.Phe1501fs	7095
NC_045512.2	4852	GA	G	ORF1ab	gene-GU280_gp01	HIGH	frameshift_variant	transcript	TRANSCRIPT_gene-GU280_gp01	protein_coding	1	c.4588delA	p.Arg1530fs	4588	21290	4588	21290	1530	7095	0	frameshift_variant	NONE	c.4588delA	p.Arg1530fs	7095
NC_045512.2	4867	T	A	ORF1ab	gene-GU280_gp01	MODERATE	missense_variant	transcript	TRANSCRIPT_gene-GU280_gp01	protein_coding	1	c.4602T>A	p.Ser1534Arg	4602	21290	4602	21290	1534	7095	0	missense_variant	NONE	c.4602T>A	p.Ser1534Arg	7095
NC_045512.2	4881	G	A	ORF1ab	gene-GU280_gp01	MODERATE	missense_variant	transcript	TRANSCRIPT_gene-GU280_gp01	protein_coding	1	c.4616G>A	p.Ser1539Asn	4616	21290	4616	21290	1539	7095	0	missense_variant	NONE	c.4616G>A	p.Ser1539Asn	7095
NC_045512.2	4988	GACA	G	ORF1ab	gene-GU280_gp01	MODERATE	disruptive_inframe_deletion	transcript	TRANSCRIPT_gene-GU280_gp01	protein_coding	1	c.4727_4729delACA	p.Asn1576del	4727	21290	4727	21290	1576	7095	0	disruptive_inframe_deletion	NONE	c.4727_4729delACA	p.Asn1576del	7095
NC_045512.2	5044	GT	G	ORF1ab	gene-GU280_gp01	HIGH	frameshift_variant	transcript	TRANSCRIPT_gene-GU280_gp01	protein_coding	1	c.4782delT	p.Phe1594fs	4782	21290	4782	21290	1594	7095	0	frameshift_variant	NONE	c.4782delT	p.Phe1594fs	7095
NC_045512.2	5085	TA	T	ORF1ab	gene-GU280_gp01	HIGH	frameshift_variant	transcript	TRANSCRIPT_gene-GU280_gp01	protein_coding	1	c.4824delA	p.Lys1608fs	4824	21290	4824	21290	1608	7095	0	frameshift_variant	NONE	c.4824delA	p.Lys1608fs	7095
NC_045512.2	5241	C	T	ORF1ab	gene-GU280_gp01	MODERATE	missense_variant	transcript	TRANSCRIPT_gene-GU280_gp01	protein_coding	1	c.4976C>T	p.Pro1659Leu	4976	21290	4976	21290	1659	7095	0	missense_variant	NONE	c.4976C>T	p.Pro1659Leu	7095
NC_045512.2	5372	AG	A	ORF1ab	gene-GU280_gp01	HIGH	frameshift_variant	transcript	TRANSCRIPT_gene-GU280_gp01	protein_coding	1	c.5110delG	p.Ala1704fs	5110	21290	5110	21290	1704	7095	0	frameshift_variant	NONE	c.5110delG	p.Ala1704fs	7095
NC_045512.2	5443	TG	T	ORF1ab	gene-GU280_gp01	HIGH	frameshift_variant	transcript	TRANSCRIPT_gene-GU280_gp01	protein_coding	1	c.5179delG	p.Asp1727fs	5179	21290	5179	21290	1727	7095	0	frameshift_variant	NONE	c.5179delG	p.Asp1727fs	7095
NC_045512.2	5497	CA	C	ORF1ab	gene-GU280_gp01	HIGH	frameshift_variant	transcript	TRANSCRIPT_gene-GU280_gp01	protein_coding	1	c.5236delA	p.Arg1746fs	5236	21290	5236	21290	1746	7095	0	frameshift_variant	NONE	c.5236delA	p.Arg1746fs	7095
NC_045512.2	5615	C	T	ORF1ab	gene-GU280_gp01	HIGH	stop_gained	transcript	TRANSCRIPT_gene-GU280_gp01	protein_coding	1	c.5350C>T	p.Gln1784*	5350	21290	5350	21290	1784	7095	0	stop_gained	NONE	c.5350C>T	p.Gln1784*	7095
NC_045512.2	5683	G	T	ORF1ab	gene-GU280_gp01	MODERATE	missense_variant	transcript	TRANSCRIPT_gene-GU280_gp01	protein_coding	1	c.5418G>T	p.Met1806Ile	5418	21290	5418	21290	1806	7095	0	missense_variant	NONE	c.5418G>T	p.Met1806Ile	7095
NC_045512.2	5760	A	G	ORF1ab	gene-GU280_gp01	MODERATE	missense_variant	transcript	TRANSCRIPT_gene-GU280_gp01	protein_coding	1	c.5495A>G	p.Gln1832Arg	5495	21290	5495	21290	1832	7095	0	missense_variant	NONE	c.5495A>G	p.Gln1832Arg	7095
NC_045512.2	5770	CTA	C	ORF1ab	gene-GU280_gp01	HIGH	frameshift_variant	transcript	TRANSCRIPT_gene-GU280_gp01	protein_coding	1	c.5508_5509delTA	p.Tyr1836fs	5508	21290	5508	21290	1836	7095	0	frameshift_variant	NONE	c.5508_5509delTA	p.Tyr1836fs	7095
NC_045512.2	5777	CAT	C	ORF1ab	gene-GU280_gp01	HIGH	frameshift_variant	transcript	TRANSCRIPT_gene-GU280_gp01	protein_coding	1	c.5516_5517delTA	p.Ile1839fs	5516	21290	5516	21290	1839	7095	0	frameshift_variant	NONE	c.5516_5517delTA	p.Ile1839fs	7095
NC_045512.2	5779	T	C	ORF1ab	gene-GU280_gp01	LOW	synonymous_variant	transcript	TRANSCRIPT_gene-GU280_gp01	protein_coding	1	c.5514T>C	p.His1838His	5514	21290	5514	21290	1838	7095	0	synonymous_variant	NONE	c.5514T>C	p.His1838His	7095
NC_045512.2	5806	C	T	ORF1ab	gene-GU280_gp01	LOW	synonymous_variant	transcript	TRANSCRIPT_gene-GU280_gp01	protein_coding	1	c.5541C>T	p.Cys1847Cys	5541	21290	5541	21290	1847	7095	0	synonymous_variant	NONE	c.5541C>T	p.Cys1847Cys	7095
NC_045512.2	5809	AGACGGTGCTTTACTT	A	ORF1ab	gene-GU280_gp01	MODERATE	conservative_inframe_deletion	transcript	TRANSCRIPT_gene-GU280_gp01	protein_coding	1	c.5545_5559delGACGGTGCTTTACTT	p.Asp1849_Leu1853del	5545	21290	5545	21290	1849	7095	0	conservative_inframe_deletion	NONE	c.5545_5559delGACGGTGCTTTACTT	p.Asp1849_Leu1853del	7095
NC_045512.2	5812	CG	C	ORF1ab	gene-GU280_gp01	HIGH	frameshift_variant	transcript	TRANSCRIPT_gene-GU280_gp01	protein_coding	1	c.5549delG	p.Gly1850fs	5549	21290	5549	21290	1850	7095	0	frameshift_variant	NONE	c.5549delG	p.Gly1850fs	7095
NC_045512.2	5816	G	T	ORF1ab	gene-GU280_gp01	MODERATE	missense_variant	transcript	TRANSCRIPT_gene-GU280_gp01	protein_coding	1	c.5551G>T	p.Ala1851Ser	5551	21290	5551	21290	1851	7095	0	missense_variant	NONE	c.5551G>T	p.Ala1851Ser	7095
NC_045512.2	5870	A	G	ORF1ab	gene-GU280_gp01	MODERATE	missense_variant	transcript	TRANSCRIPT_gene-GU280_gp01	protein_coding	1	c.5605A>G	p.Lys1869Glu	5605	21290	5605	21290	1869	7095	0	missense_variant	NONE	c.5605A>G	p.Lys1869Glu	7095
NC_045512.2	5931	G	T	ORF1ab	gene-GU280_gp01	MODERATE	missense_variant	transcript	TRANSCRIPT_gene-GU280_gp01	protein_coding	1	c.5666G>T	p.Cys1889Phe	5666	21290	5666	21290	1889	7095	0	missense_variant	NONE	c.5666G>T	p.Cys1889Phe	7095
NC_045512.2	6081	A	G	ORF1ab	gene-GU280_gp01	MODERATE	missense_variant	transcript	TRANSCRIPT_gene-GU280_gp01	protein_coding	1	c.5816A>G	p.Asp1939Gly	5816	21290	5816	21290	1939	7095	0	missense_variant	NONE	c.5816A>G	p.Asp1939Gly	7095
NC_045512.2	6109	GA	G	ORF1ab	gene-GU280_gp01	HIGH	frameshift_variant	transcript	TRANSCRIPT_gene-GU280_gp01	protein_coding	1	c.5847delA	p.Lys1949fs	5847	21290	5847	21290	1949	7095	0	frameshift_variant	NONE	c.5847delA	p.Lys1949fs	7095
NC_045512.2	6202	TA	T	ORF1ab	gene-GU280_gp01	HIGH	frameshift_variant	transcript	TRANSCRIPT_gene-GU280_gp01	protein_coding	1	c.5939delA	p.Lys1980fs	5939	21290	5939	21290	1980	7095	0	frameshift_variant	NONE	c.5939delA	p.Lys1980fs	7095
NC_045512.2	6211	A	G	ORF1ab	gene-GU280_gp01	LOW	synonymous_variant	transcript	TRANSCRIPT_gene-GU280_gp01	protein_coding	1	c.5946A>G	p.Gly1982Gly	5946	21290	5946	21290	1982	7095	0	synonymous_variant	NONE	c.5946A>G	p.Gly1982Gly	7095
NC_045512.2	6373	GGATA	G	ORF1ab	gene-GU280_gp01	HIGH	frameshift_variant	transcript	TRANSCRIPT_gene-GU280_gp01	protein_coding	1	c.6109_6112delGATA	p.Asp2037fs	6109	21290	6109	21290	2037	7095	0	frameshift_variant	NONE	c.6109_6112delGATA	p.Asp2037fs	7095
NC_045512.2	6402	C	T	ORF1ab	gene-GU280_gp01	MODERATE	missense_variant	transcript	TRANSCRIPT_gene-GU280_gp01	protein_coding	1	c.6137C>T	p.Pro2046Leu	6137	21290	6137	21290	2046	7095	0	missense_variant	NONE	c.6137C>T	p.Pro2046Leu	7095
NC_045512.2	6488	A	G	ORF1ab	gene-GU280_gp01	MODERATE	missense_variant	transcript	TRANSCRIPT_gene-GU280_gp01	protein_coding	1	c.6223A>G	p.Ile2075Val	6223	21290	6223	21290	2075	7095	0	missense_variant	NONE	c.6223A>G	p.Ile2075Val	7095
NC_045512.2	6531	AG	A	ORF1ab	gene-GU280_gp01	HIGH	frameshift_variant	transcript	TRANSCRIPT_gene-GU280_gp01	protein_coding	1	c.6268delG	p.Val2090fs	6268	21290	6268	21290	2090	7095	0	frameshift_variant	NONE	c.6268delG	p.Val2090fs	7095
NC_045512.2	6532	G	C	ORF1ab	gene-GU280_gp01	MODERATE	missense_variant	transcript	TRANSCRIPT_gene-GU280_gp01	protein_coding	1	c.6267G>C	p.Glu2089Asp	6267	21290	6267	21290	2089	7095	0	missense_variant	NONE	c.6267G>C	p.Glu2089Asp	7095
NC_045512.2	6622	GA	G	ORF1ab	gene-GU280_gp01	HIGH	frameshift_variant	transcript	TRANSCRIPT_gene-GU280_gp01	protein_coding	1	c.6361delA	p.Thr2121fs	6361	21290	6361	21290	2121	7095	0	frameshift_variant	NONE	c.6361delA	p.Thr2121fs	7095
NC_045512.2	6652	T	C	ORF1ab	gene-GU280_gp01	LOW	synonymous_variant	transcript	TRANSCRIPT_gene-GU280_gp01	protein_coding	1	c.6387T>C	p.Ala2129Ala	6387	21290	6387	21290	2129	7095	0	synonymous_variant	NONE	c.6387T>C	p.Ala2129Ala	7095
NC_045512.2	6696	C	CT	ORF1ab	gene-GU280_gp01	HIGH	frameshift_variant	transcript	TRANSCRIPT_gene-GU280_gp01	protein_coding	1	c.6435dupT	p.Leu2146fs	6436	21290	6436	21290	2146	7095	0	frameshift_variant	NONE	c.6435dupT	p.Leu2146fs	7095
NC_045512.2	6752	C	T	ORF1ab	gene-GU280_gp01	MODERATE	missense_variant	transcript	TRANSCRIPT_gene-GU280_gp01	protein_coding	1	c.6487C>T	p.Arg2163Cys	6487	21290	6487	21290	2163	7095	0	missense_variant	NONE	c.6487C>T	p.Arg2163Cys	7095
NC_045512.2	6863	A	C	ORF1ab	gene-GU280_gp01	MODERATE	missense_variant	transcript	TRANSCRIPT_gene-GU280_gp01	protein_coding	1	c.6598A>C	p.Lys2200Gln	6598	21290	6598	21290	2200	7095	0	missense_variant	NONE	c.6598A>C	p.Lys2200Gln	7095
NC_045512.2	6961	G	T	ORF1ab	gene-GU280_gp01	MODERATE	missense_variant	transcript	TRANSCRIPT_gene-GU280_gp01	protein_coding	1	c.6696G>T	p.Trp2232Cys	6696	21290	6696	21290	2232	7095	0	missense_variant	NONE	c.6696G>T	p.Trp2232Cys	7095
NC_045512.2	6990	CT	C	ORF1ab	gene-GU280_gp01	HIGH	frameshift_variant	transcript	TRANSCRIPT_gene-GU280_gp01	protein_coding	1	c.6728delT	p.Leu2243fs	6728	21290	6728	21290	2243	7095	0	frameshift_variant	NONE	c.6728delT	p.Leu2243fs	7095
NC_045512.2	7002	C	T	ORF1ab	gene-GU280_gp01	MODERATE	missense_variant	transcript	TRANSCRIPT_gene-GU280_gp01	protein_coding	1	c.6737C>T	p.Ser2246Leu	6737	21290	6737	21290	2246	7095	0	missense_variant	NONE	c.6737C>T	p.Ser2246Leu	7095
NC_045512.2	7011	C	G	ORF1ab	gene-GU280_gp01	MODERATE	missense_variant	transcript	TRANSCRIPT_gene-GU280_gp01	protein_coding	1	c.6746C>G	p.Ala2249Gly	6746	21290	6746	21290	2249	7095	0	missense_variant	NONE	c.6746C>G	p.Ala2249Gly	7095
NC_045512.2	7020	T	C	ORF1ab	gene-GU280_gp01	MODERATE	missense_variant	transcript	TRANSCRIPT_gene-GU280_gp01	protein_coding	1	c.6755T>C	p.Val2252Ala	6755	21290	6755	21290	2252	7095	0	missense_variant	NONE	c.6755T>C	p.Val2252Ala	7095
NC_045512.2	7023	TA	T	ORF1ab	gene-GU280_gp01	HIGH	frameshift_variant	transcript	TRANSCRIPT_gene-GU280_gp01	protein_coding	1	c.6760delA	p.Met2254fs	6760	21290	6760	21290	2254	7095	0	frameshift_variant	NONE	c.6760delA	p.Met2254fs	7095
NC_045512.2	7030	T	C	ORF1ab	gene-GU280_gp01	LOW	synonymous_variant	transcript	TRANSCRIPT_gene-GU280_gp01	protein_coding	1	c.6765T>C	p.Ser2255Ser	6765	21290	6765	21290	2255	7095	0	synonymous_variant	NONE	c.6765T>C	p.Ser2255Ser	7095
NC_045512.2	7108	CTG	C	ORF1ab	gene-GU280_gp01	HIGH	frameshift_variant	transcript	TRANSCRIPT_gene-GU280_gp01	protein_coding	1	c.6845_6846delGT	p.Cys2282fs	6845	21290	6845	21290	2282	7095	0	frameshift_variant	NONE	c.6845_6846delGT	p.Cys2282fs	7095
NC_045512.2	7171	T	C	ORF1ab	gene-GU280_gp01	LOW	synonymous_variant	transcript	TRANSCRIPT_gene-GU280_gp01	protein_coding	1	c.6906T>C	p.Pro2302Pro	6906	21290	6906	21290	2302	7095	0	synonymous_variant	NONE	c.6906T>C	p.Pro2302Pro	7095
NC_045512.2	7312	G	GT	ORF1ab	gene-GU280_gp01	HIGH	frameshift_variant	transcript	TRANSCRIPT_gene-GU280_gp01	protein_coding	1	c.7052dupT	p.Ser2352fs	7053	21290	7053	21290	2351	7095	0	frameshift_variant	NONE	c.7052dupT	p.Ser2352fs	7095
NC_045512.2	7323	AT	A	ORF1ab	gene-GU280_gp01	HIGH	frameshift_variant	transcript	TRANSCRIPT_gene-GU280_gp01	protein_coding	1	c.7062delT	p.Phe2354fs	7062	21290	7062	21290	2354	7095	0	frameshift_variant	NONE	c.7062delT	p.Phe2354fs	7095
NC_045512.2	7370	A	T	ORF1ab	gene-GU280_gp01	MODERATE	missense_variant	transcript	TRANSCRIPT_gene-GU280_gp01	protein_coding	1	c.7105A>T	p.Ile2369Phe	7105	21290	7105	21290	2369	7095	0	missense_variant	NONE	c.7105A>T	p.Ile2369Phe	7095
NC_045512.2	7518	CA	C	ORF1ab	gene-GU280_gp01	HIGH	frameshift_variant	transcript	TRANSCRIPT_gene-GU280_gp01	protein_coding	1	c.7255delA	p.Thr2419fs	7255	21290	7255	21290	2419	7095	0	frameshift_variant	NONE	c.7255delA	p.Thr2419fs	7095
NC_045512.2	7585	AG	A	ORF1ab	gene-GU280_gp01	HIGH	frameshift_variant	transcript	TRANSCRIPT_gene-GU280_gp01	protein_coding	1	c.7322delG	p.Gly2441fs	7322	21290	7322	21290	2441	7095	0	frameshift_variant	NONE	c.7322delG	p.Gly2441fs	7095
NC_045512.2	7677	G	T	ORF1ab	gene-GU280_gp01	MODERATE	missense_variant	transcript	TRANSCRIPT_gene-GU280_gp01	protein_coding	1	c.7412G>T	p.Arg2471Ile	7412	21290	7412	21290	2471	7095	0	missense_variant	NONE	c.7412G>T	p.Arg2471Ile	7095
NC_045512.2	7883	G	C	ORF1ab	gene-GU280_gp01	MODERATE	missense_variant	transcript	TRANSCRIPT_gene-GU280_gp01	protein_coding	1	c.7618G>C	p.Val2540Leu	7618	21290	7618	21290	2540	7095	0	missense_variant	NONE	c.7618G>C	p.Val2540Leu	7095
NC_045512.2	7905	CA	C	ORF1ab	gene-GU280_gp01	HIGH	frameshift_variant	transcript	TRANSCRIPT_gene-GU280_gp01	protein_coding	1	c.7644delA	p.Lys2548fs	7644	21290	7644	21290	2548	7095	0	frameshift_variant	NONE	c.7644delA	p.Lys2548fs	7095
NC_045512.2	7910	TG	T	ORF1ab	gene-GU280_gp01	HIGH	frameshift_variant	transcript	TRANSCRIPT_gene-GU280_gp01	protein_coding	1	c.7646delG	p.Cys2549fs	7646	21290	7646	21290	2549	7095	0	frameshift_variant	NONE	c.7646delG	p.Cys2549fs	7095
NC_045512.2	7956	T	C	ORF1ab	gene-GU280_gp01	MODERATE	missense_variant	transcript	TRANSCRIPT_gene-GU280_gp01	protein_coding	1	c.7691T>C	p.Leu2564Pro	7691	21290	7691	21290	2564	7095	0	missense_variant	NONE	c.7691T>C	p.Leu2564Pro	7095
NC_045512.2	7992	T	C	ORF1ab	gene-GU280_gp01	MODERATE	missense_variant	transcript	TRANSCRIPT_gene-GU280_gp01	protein_coding	1	c.7727T>C	p.Leu2576Ser	7727	21290	7727	21290	2576	7095	0	missense_variant	NONE	c.7727T>C	p.Leu2576Ser	7095
NC_045512.2	8027	G	C	ORF1ab	gene-GU280_gp01	MODERATE	missense_variant	transcript	TRANSCRIPT_gene-GU280_gp01	protein_coding	1	c.7762G>C	p.Val2588Leu	7762	21290	7762	21290	2588	7095	0	missense_variant	NONE	c.7762G>C	p.Val2588Leu	7095
NC_045512.2	8092	CA	C	ORF1ab	gene-GU280_gp01	HIGH	frameshift_variant	transcript	TRANSCRIPT_gene-GU280_gp01	protein_coding	1	c.7831delA	p.Thr2611fs	7831	21290	7831	21290	2611	7095	0	frameshift_variant	NONE	c.7831delA	p.Thr2611fs	7095
NC_045512.2	8177	CG	C	ORF1ab	gene-GU280_gp01	HIGH	frameshift_variant	transcript	TRANSCRIPT_gene-GU280_gp01	protein_coding	1	c.7914delG	p.Gln2639fs	7914	21290	7914	21290	2638	7095	0	frameshift_variant	NONE	c.7914delG	p.Gln2639fs	7095
NC_045512.2	8299	CA	C	ORF1ab	gene-GU280_gp01	HIGH	frameshift_variant	transcript	TRANSCRIPT_gene-GU280_gp01	protein_coding	1	c.8037delA	p.Val2680fs	8037	21290	8037	21290	2679	7095	0	frameshift_variant	NONE	c.8037delA	p.Val2680fs	7095
NC_045512.2	8306	G	A	ORF1ab	gene-GU280_gp01	MODERATE	missense_variant	transcript	TRANSCRIPT_gene-GU280_gp01	protein_coding	1	c.8041G>A	p.Glu2681Lys	8041	21290	8041	21290	2681	7095	0	missense_variant	NONE	c.8041G>A	p.Glu2681Lys	7095
NC_045512.2	8376	CAA	C	ORF1ab	gene-GU280_gp01	HIGH	frameshift_variant	transcript	TRANSCRIPT_gene-GU280_gp01	protein_coding	1	c.8115_8116delAA	p.His2707fs	8115	21290	8115	21290	2705	7095	0	frameshift_variant	NONE	c.8115_8116delAA	p.His2707fs	7095
NC_045512.2	8376	CA	C	ORF1ab	gene-GU280_gp01	HIGH	frameshift_variant	transcript	TRANSCRIPT_gene-GU280_gp01	protein_coding	1	c.8116delA	p.Ser2706fs	8116	21290	8116	21290	2706	7095	0	frameshift_variant	NONE	c.8116delA	p.Ser2706fs	7095
NC_045512.2	8386	CA	C	ORF1ab	gene-GU280_gp01	HIGH	frameshift_variant	transcript	TRANSCRIPT_gene-GU280_gp01	protein_coding	1	c.8123delA	p.Asn2708fs	8123	21290	8123	21290	2708	7095	0	frameshift_variant	NONE	c.8123delA	p.Asn2708fs	7095
NC_045512.2	8392	TG	T	ORF1ab	gene-GU280_gp01	HIGH	frameshift_variant	transcript	TRANSCRIPT_gene-GU280_gp01	protein_coding	1	c.8128delG	p.Ala2710fs	8128	21290	8128	21290	2710	7095	0	frameshift_variant	NONE	c.8128delG	p.Ala2710fs	7095
NC_045512.2	8448	A	G	ORF1ab	gene-GU280_gp01	MODERATE	missense_variant	transcript	TRANSCRIPT_gene-GU280_gp01	protein_coding	1	c.8183A>G	p.Gln2728Arg	8183	21290	8183	21290	2728	7095	0	missense_variant	NONE	c.8183A>G	p.Gln2728Arg	7095
NC_045512.2	8458	TG	T	ORF1ab	gene-GU280_gp01	HIGH	frameshift_variant	transcript	TRANSCRIPT_gene-GU280_gp01	protein_coding	1	c.8194delG	p.Ala2732fs	8194	21290	8194	21290	2732	7095	0	frameshift_variant	NONE	c.8194delG	p.Ala2732fs	7095
NC_045512.2	8482	T	C	ORF1ab	gene-GU280_gp01	LOW	synonymous_variant	transcript	TRANSCRIPT_gene-GU280_gp01	protein_coding	1	c.8217T>C	p.Pro2739Pro	8217	21290	8217	21290	2739	7095	0	synonymous_variant	NONE	c.8217T>C	p.Pro2739Pro	7095
NC_045512.2	8483	T	C	ORF1ab	gene-GU280_gp01	MODERATE	missense_variant	transcript	TRANSCRIPT_gene-GU280_gp01	protein_coding	1	c.8218T>C	p.Phe2740Leu	8218	21290	8218	21290	2740	7095	0	missense_variant	NONE	c.8218T>C	p.Phe2740Leu	7095
NC_045512.2	8532	C	CA	ORF1ab	gene-GU280_gp01	HIGH	frameshift_variant	transcript	TRANSCRIPT_gene-GU280_gp01	protein_coding	1	c.8270dupA	p.Ile2758fs	8271	21290	8271	21290	2757	7095	0	frameshift_variant	NONE	c.8270dupA	p.Ile2758fs	7095
NC_045512.2	8539	A	G	ORF1ab	gene-GU280_gp01	MODERATE	missense_variant	transcript	TRANSCRIPT_gene-GU280_gp01	protein_coding	1	c.8274A>G	p.Ile2758Met	8274	21290	8274	21290	2758	7095	0	missense_variant	NONE	c.8274A>G	p.Ile2758Met	7095
NC_045512.2	8678	G	A	ORF1ab	gene-GU280_gp01	MODERATE	missense_variant	transcript	TRANSCRIPT_gene-GU280_gp01	protein_coding	1	c.8413G>A	p.Glu2805Lys	8413	21290	8413	21290	2805	7095	0	missense_variant	NONE	c.8413G>A	p.Glu2805Lys	7095
NC_045512.2	8697	CTA	C	ORF1ab	gene-GU280_gp01	HIGH	frameshift_variant	transcript	TRANSCRIPT_gene-GU280_gp01	protein_coding	1	c.8434_8435delAT	p.Ile2812fs	8434	21290	8434	21290	2812	7095	0	frameshift_variant	NONE	c.8434_8435delAT	p.Ile2812fs	7095
NC_045512.2	8850	T	G	ORF1ab	gene-GU280_gp01	MODERATE	missense_variant	transcript	TRANSCRIPT_gene-GU280_gp01	protein_coding	1	c.8585T>G	p.Val2862Gly	8585	21290	8585	21290	2862	7095	0	missense_variant	NONE	c.8585T>G	p.Val2862Gly	7095
NC_045512.2	8868	GT	G	ORF1ab	gene-GU280_gp01	HIGH	frameshift_variant	transcript	TRANSCRIPT_gene-GU280_gp01	protein_coding	1	c.8606delT	p.Leu2869fs	8606	21290	8606	21290	2869	7095	0	frameshift_variant	NONE	c.8606delT	p.Leu2869fs	7095
NC_045512.2	8905	CT	C	ORF1ab	gene-GU280_gp01	HIGH	frameshift_variant	transcript	TRANSCRIPT_gene-GU280_gp01	protein_coding	1	c.8645delT	p.Leu2882fs	8645	21290	8645	21290	2882	7095	0	frameshift_variant	NONE	c.8645delT	p.Leu2882fs	7095
NC_045512.2	8927	GTT	G	ORF1ab	gene-GU280_gp01	HIGH	frameshift_variant	transcript	TRANSCRIPT_gene-GU280_gp01	protein_coding	1	c.8666_8667delTT	p.Phe2889fs	8666	21290	8666	21290	2889	7095	0	frameshift_variant	NONE	c.8666_8667delTT	p.Phe2889fs	7095
NC_045512.2	8927	GT	G	ORF1ab	gene-GU280_gp01	HIGH	frameshift_variant	transcript	TRANSCRIPT_gene-GU280_gp01	protein_coding	1	c.8667delT	p.Phe2889fs	8667	21290	8667	21290	2889	7095	0	frameshift_variant	NONE	c.8667delT	p.Phe2889fs	7095
NC_045512.2	8937	C	T	ORF1ab	gene-GU280_gp01	MODERATE	missense_variant	transcript	TRANSCRIPT_gene-GU280_gp01	protein_coding	1	c.8672C>T	p.Ala2891Val	8672	21290	8672	21290	2891	7095	0	missense_variant	NONE	c.8672C>T	p.Ala2891Val	7095
NC_045512.2	8951	T	G	ORF1ab	gene-GU280_gp01	MODERATE	missense_variant	transcript	TRANSCRIPT_gene-GU280_gp01	protein_coding	1	c.8686T>G	p.Cys2896Gly	8686	21290	8686	21290	2896	7095	0	missense_variant	NONE	c.8686T>G	p.Cys2896Gly	7095
NC_045512.2	8988	TTG	T	ORF1ab	gene-GU280_gp01	HIGH	frameshift_variant	transcript	TRANSCRIPT_gene-GU280_gp01	protein_coding	1	c.8724_8725delTG	p.Ala2909fs	8724	21290	8724	21290	2908	7095	0	frameshift_variant	NONE	c.8724_8725delTG	p.Ala2909fs	7095
NC_045512.2	9005	GTTTT	G	ORF1ab	gene-GU280_gp01	HIGH	frameshift_variant	transcript	TRANSCRIPT_gene-GU280_gp01	protein_coding	1	c.8741_8744delTTTT	p.Val2914fs	8741	21290	8741	21290	2914	7095	0	frameshift_variant	NONE	c.8741_8744delTTTT	p.Val2914fs	7095
NC_045512.2	9005	G	GT	ORF1ab	gene-GU280_gp01	HIGH	frameshift_variant	transcript	TRANSCRIPT_gene-GU280_gp01	protein_coding	1	c.8744dupT	p.Leu2915fs	8745	21290	8745	21290	2915	7095	0	frameshift_variant	NONE	c.8744dupT	p.Leu2915fs	7095
NC_045512.2	9118	C	T	ORF1ab	gene-GU280_gp01	LOW	synonymous_variant	transcript	TRANSCRIPT_gene-GU280_gp01	protein_coding	1	c.8853C>T	p.Asp2951Asp	8853	21290	8853	21290	2951	7095	0	synonymous_variant	NONE	c.8853C>T	p.Asp2951Asp	7095
NC_045512.2	9211	G	T	ORF1ab	gene-GU280_gp01	MODERATE	missense_variant	transcript	TRANSCRIPT_gene-GU280_gp01	protein_coding	1	c.8946G>T	p.Glu2982Asp	8946	21290	8946	21290	2982	7095	0	missense_variant	NONE	c.8946G>T	p.Glu2982Asp	7095
NC_045512.2	9247	TG	T	ORF1ab	gene-GU280_gp01	HIGH	frameshift_variant	transcript	TRANSCRIPT_gene-GU280_gp01	protein_coding	1	c.8984delG	p.Gly2995fs	8984	21290	8984	21290	2995	7095	0	frameshift_variant	NONE	c.8984delG	p.Gly2995fs	7095
NC_045512.2	9375	CTA	C	ORF1ab	gene-GU280_gp01	HIGH	frameshift_variant	transcript	TRANSCRIPT_gene-GU280_gp01	protein_coding	1	c.9112_9113delAT	p.Ile3038fs	9112	21290	9112	21290	3038	7095	0	frameshift_variant	NONE	c.9112_9113delAT	p.Ile3038fs	7095
NC_045512.2	9417	G	A	ORF1ab	gene-GU280_gp01	MODERATE	missense_variant	transcript	TRANSCRIPT_gene-GU280_gp01	protein_coding	1	c.9152G>A	p.Gly3051Asp	9152	21290	9152	21290	3051	7095	0	missense_variant	NONE	c.9152G>A	p.Gly3051Asp	7095
NC_045512.2	9474	CT	C	ORF1ab	gene-GU280_gp01	HIGH	frameshift_variant	transcript	TRANSCRIPT_gene-GU280_gp01	protein_coding	1	c.9213delT	p.Phe3071fs	9213	21290	9213	21290	3071	7095	0	frameshift_variant	NONE	c.9213delT	p.Phe3071fs	7095
NC_045512.2	9757	T	C	ORF1ab	gene-GU280_gp01	LOW	synonymous_variant	transcript	TRANSCRIPT_gene-GU280_gp01	protein_coding	1	c.9492T>C	p.Arg3164Arg	9492	21290	9492	21290	3164	7095	0	synonymous_variant	NONE	c.9492T>C	p.Arg3164Arg	7095
NC_045512.2	9851	G	C	ORF1ab	gene-GU280_gp01	MODERATE	missense_variant	transcript	TRANSCRIPT_gene-GU280_gp01	protein_coding	1	c.9586G>C	p.Asp3196His	9586	21290	9586	21290	3196	7095	0	missense_variant	NONE	c.9586G>C	p.Asp3196His	7095
NC_045512.2	9857	CTA	C	ORF1ab	gene-GU280_gp01	HIGH	frameshift_variant	transcript	TRANSCRIPT_gene-GU280_gp01	protein_coding	1	c.9594_9595delAT	p.Leu3199fs	9594	21290	9594	21290	3198	7095	0	frameshift_variant	NONE	c.9594_9595delAT	p.Leu3199fs	7095
NC_045512.2	10046	G	GT	ORF1ab	gene-GU280_gp01	HIGH	frameshift_variant	transcript	TRANSCRIPT_gene-GU280_gp01	protein_coding	1	c.9785dupT	p.Leu3262fs	9786	21290	9786	21290	3262	7095	0	frameshift_variant	NONE	c.9785dupT	p.Leu3262fs	7095
NC_045512.2	10280	AG	A	ORF1ab	gene-GU280_gp01	HIGH	frameshift_variant	transcript	TRANSCRIPT_gene-GU280_gp01	protein_coding	1	c.10018delG	p.Val3340fs	10018	21290	10018	21290	3340	7095	0	frameshift_variant	NONE	c.10018delG	p.Val3340fs	7095
NC_045512.2	10319	C	T	ORF1ab	gene-GU280_gp01	MODERATE	missense_variant	transcript	TRANSCRIPT_gene-GU280_gp01	protein_coding	1	c.10054C>T	p.Leu3352Phe	10054	21290	10054	21290	3352	7095	0	missense_variant	NONE	c.10054C>T	p.Leu3352Phe	7095
NC_045512.2	10437	G	A	ORF1ab	gene-GU280_gp01	MODERATE	missense_variant	transcript	TRANSCRIPT_gene-GU280_gp01	protein_coding	1	c.10172G>A	p.Cys3391Tyr	10172	21290	10172	21290	3391	7095	0	missense_variant	NONE	c.10172G>A	p.Cys3391Tyr	7095
NC_045512.2	10612	TG	T	ORF1ab	gene-GU280_gp01	HIGH	frameshift_variant	transcript	TRANSCRIPT_gene-GU280_gp01	protein_coding	1	c.10348delG	p.Asp3450fs	10348	21290	10348	21290	3450	7095	0	frameshift_variant	NONE	c.10348delG	p.Asp3450fs	7095
NC_045512.2	10619	CA	C	ORF1ab	gene-GU280_gp01	HIGH	frameshift_variant	transcript	TRANSCRIPT_gene-GU280_gp01	protein_coding	1	c.10357delA	p.Thr3453fs	10357	21290	10357	21290	3453	7095	0	frameshift_variant	NONE	c.10357delA	p.Thr3453fs	7095
NC_045512.2	10642	G	C	ORF1ab	gene-GU280_gp01	LOW	synonymous_variant	transcript	TRANSCRIPT_gene-GU280_gp01	protein_coding	1	c.10377G>C	p.Thr3459Thr	10377	21290	10377	21290	3459	7095	0	synonymous_variant	NONE	c.10377G>C	p.Thr3459Thr	7095
NC_045512.2	10647	CA	C	ORF1ab	gene-GU280_gp01	HIGH	frameshift_variant	transcript	TRANSCRIPT_gene-GU280_gp01	protein_coding	1	c.10384delA	p.Thr3462fs	10384	21290	10384	21290	3462	7095	0	frameshift_variant	NONE	c.10384delA	p.Thr3462fs	7095
NC_045512.2	10681	CG	C	ORF1ab	gene-GU280_gp01	HIGH	frameshift_variant	transcript	TRANSCRIPT_gene-GU280_gp01	protein_coding	1	c.10417delG	p.Ala3473fs	10417	21290	10417	21290	3473	7095	0	frameshift_variant	NONE	c.10417delG	p.Ala3473fs	7095
NC_045512.2	10696	T	C	ORF1ab	gene-GU280_gp01	LOW	synonymous_variant	transcript	TRANSCRIPT_gene-GU280_gp01	protein_coding	1	c.10431T>C	p.Asn3477Asn	10431	21290	10431	21290	3477	7095	0	synonymous_variant	NONE	c.10431T>C	p.Asn3477Asn	7095
NC_045512.2	10696	TG	T	ORF1ab	gene-GU280_gp01	HIGH	frameshift_variant	transcript	TRANSCRIPT_gene-GU280_gp01	protein_coding	1	c.10433delG	p.Gly3478fs	10433	21290	10433	21290	3478	7095	0	frameshift_variant	NONE	c.10433delG	p.Gly3478fs	7095
NC_045512.2	10718	CG	C	ORF1ab	gene-GU280_gp01	HIGH	frameshift_variant	transcript	TRANSCRIPT_gene-GU280_gp01	protein_coding	1	c.10454delG	p.Arg3485fs	10454	21290	10454	21290	3485	7095	0	frameshift_variant	NONE	c.10454delG	p.Arg3485fs	7095
NC_045512.2	10791	A	T	ORF1ab	gene-GU280_gp01	MODERATE	missense_variant	transcript	TRANSCRIPT_gene-GU280_gp01	protein_coding	1	c.10526A>T	p.His3509Leu	10526	21290	10526	21290	3509	7095	0	missense_variant	NONE	c.10526A>T	p.His3509Leu	7095
NC_045512.2	11074	CT	C	ORF1ab	gene-GU280_gp01	HIGH	frameshift_variant	transcript	TRANSCRIPT_gene-GU280_gp01	protein_coding	1	c.10817delT	p.Leu3606fs	10817	21290	10817	21290	3606	7095	0	frameshift_variant	NONE	c.10817delT	p.Leu3606fs	7095
NC_045512.2	11133	CT	C	ORF1ab	gene-GU280_gp01	HIGH	frameshift_variant	transcript	TRANSCRIPT_gene-GU280_gp01	protein_coding	1	c.10872delT	p.Phe3624fs	10872	21290	10872	21290	3624	7095	0	frameshift_variant	NONE	c.10872delT	p.Phe3624fs	7095
NC_045512.2	11239	T	G	ORF1ab	gene-GU280_gp01	MODERATE	missense_variant	transcript	TRANSCRIPT_gene-GU280_gp01	protein_coding	1	c.10974T>G	p.Ser3658Arg	10974	21290	10974	21290	3658	7095	0	missense_variant	NONE	c.10974T>G	p.Ser3658Arg	7095
NC_045512.2	11240	T	C	ORF1ab	gene-GU280_gp01	MODERATE	missense_variant	transcript	TRANSCRIPT_gene-GU280_gp01	protein_coding	1	c.10975T>C	p.Trp3659Arg	10975	21290	10975	21290	3659	7095	0	missense_variant	NONE	c.10975T>C	p.Trp3659Arg	7095
NC_045512.2	11292	GT	G	ORF1ab	gene-GU280_gp01	HIGH	frameshift_variant	transcript	TRANSCRIPT_gene-GU280_gp01	protein_coding	1	c.11031delT	p.Phe3677fs	11031	21290	11031	21290	3677	7095	0	frameshift_variant	NONE	c.11031delT	p.Phe3677fs	7095
NC_045512.2	11386	A	G	ORF1ab	gene-GU280_gp01	LOW	synonymous_variant	transcript	TRANSCRIPT_gene-GU280_gp01	protein_coding	1	c.11121A>G	p.Arg3707Arg	11121	21290	11121	21290	3707	7095	0	synonymous_variant	NONE	c.11121A>G	p.Arg3707Arg	7095
NC_045512.2	11414	C	T	ORF1ab	gene-GU280_gp01	MODERATE	missense_variant	transcript	TRANSCRIPT_gene-GU280_gp01	protein_coding	1	c.11149C>T	p.Leu3717Phe	11149	21290	11149	21290	3717	7095	0	missense_variant	NONE	c.11149C>T	p.Leu3717Phe	7095
NC_045512.2	11415	TCG	T	ORF1ab	gene-GU280_gp01	HIGH	frameshift_variant	transcript	TRANSCRIPT_gene-GU280_gp01	protein_coding	1	c.11151_11152delCG	p.Val3718fs	11151	21290	11151	21290	3717	7095	0	frameshift_variant	NONE	c.11151_11152delCG	p.Val3718fs	7095
NC_045512.2	11430	A	T	ORF1ab	gene-GU280_gp01	MODERATE	missense_variant	transcript	TRANSCRIPT_gene-GU280_gp01	protein_coding	1	c.11165A>T	p.Tyr3722Phe	11165	21290	11165	21290	3722	7095	0	missense_variant	NONE	c.11165A>T	p.Tyr3722Phe	7095
NC_045512.2	11567	A	T	ORF1ab	gene-GU280_gp01	MODERATE	missense_variant	transcript	TRANSCRIPT_gene-GU280_gp01	protein_coding	1	c.11302A>T	p.Ile3768Phe	11302	21290	11302	21290	3768	7095	0	missense_variant	NONE	c.11302A>T	p.Ile3768Phe	7095
NC_045512.2	11567	A	AT	ORF1ab	gene-GU280_gp01	HIGH	frameshift_variant	transcript	TRANSCRIPT_gene-GU280_gp01	protein_coding	1	c.11306dupT	p.Phe3770fs	11307	21290	11307	21290	3769	7095	0	frameshift_variant	NONE	c.11306dupT	p.Phe3770fs	7095
NC_045512.2	11572	C	T	ORF1ab	gene-GU280_gp01	LOW	synonymous_variant	transcript	TRANSCRIPT_gene-GU280_gp01	protein_coding	1	c.11307C>T	p.Phe3769Phe	11307	21290	11307	21290	3769	7095	0	synonymous_variant	NONE	c.11307C>T	p.Phe3769Phe	7095
NC_045512.2	11782	A	G	ORF1ab	gene-GU280_gp01	LOW	synonymous_variant	transcript	TRANSCRIPT_gene-GU280_gp01	protein_coding	1	c.11517A>G	p.Lys3839Lys	11517	21290	11517	21290	3839	7095	0	synonymous_variant	NONE	c.11517A>G	p.Lys3839Lys	7095
NC_045512.2	11885	T	C	ORF1ab	gene-GU280_gp01	MODERATE	missense_variant	transcript	TRANSCRIPT_gene-GU280_gp01	protein_coding	1	c.11620T>C	p.Ser3874Pro	11620	21290	11620	21290	3874	7095	0	missense_variant	NONE	c.11620T>C	p.Ser3874Pro	7095
NC_045512.2	12469	CA	C	ORF1ab	gene-GU280_gp01	HIGH	frameshift_variant	transcript	TRANSCRIPT_gene-GU280_gp01	protein_coding	1	c.12207delA	p.Lys4069fs	12207	21290	12207	21290	4069	7095	0	frameshift_variant	NONE	c.12207delA	p.Lys4069fs	7095
NC_045512.2	13004	G	A	ORF1ab	gene-GU280_gp01	MODERATE	missense_variant	transcript	TRANSCRIPT_gene-GU280_gp01	protein_coding	1	c.12739G>A	p.Ala4247Thr	12739	21290	12739	21290	4247	7095	0	missense_variant	NONE	c.12739G>A	p.Ala4247Thr	7095
NC_045512.2	13078	T	C	ORF1ab	gene-GU280_gp01	LOW	synonymous_variant	transcript	TRANSCRIPT_gene-GU280_gp01	protein_coding	1	c.12813T>C	p.Ala4271Ala	12813	21290	12813	21290	4271	7095	0	synonymous_variant	NONE	c.12813T>C	p.Ala4271Ala	7095
NC_045512.2	13134	C	T	ORF1ab	gene-GU280_gp01	MODERATE	missense_variant	transcript	TRANSCRIPT_gene-GU280_gp01	protein_coding	1	c.12869C>T	p.Pro4290Leu	12869	21290	12869	21290	4290	7095	0	missense_variant	NONE	c.12869C>T	p.Pro4290Leu	7095
NC_045512.2	13450	T	C	ORF1ab	gene-GU280_gp01	LOW	synonymous_variant	transcript	TRANSCRIPT_gene-GU280_gp01	protein_coding	1	c.13185T>C	p.Asp4395Asp	13185	21290	13185	21290	4395	7095	0	synonymous_variant	NONE	c.13185T>C	p.Asp4395Asp	7095
NC_045512.2	13630	A	G	ORF1ab	gene-GU280_gp01	LOW	synonymous_variant	transcript	TRANSCRIPT_gene-GU280_gp01	protein_coding	1	c.13365A>G	p.Thr4455Thr	13365	21290	13365	21290	4455	7095	0	synonymous_variant	NONE	c.13365A>G	p.Thr4455Thr	7095
NC_045512.2	13635	A	G	ORF1ab	gene-GU280_gp01	LOW	stop_retained_variant	transcript	TRANSCRIPT_gene-GU280_gp01	protein_coding	1	c.13370A>G	p.Ter4457Ter	13370	21290	13370	21290	4457	7095	0	stop_retained_variant	NONE	c.13370A>G	p.Ter4457Ter	7095
NC_045512.2	13690	GA	G	ORF1ab	gene-GU280_gp01	HIGH	frameshift_variant	transcript	TRANSCRIPT_gene-GU280_gp01	protein_coding	1	c.13428delA	p.Lys4476fs	13428	21290	13428	21290	4476	7095	0	frameshift_variant	NONE	c.13428delA	p.Lys4476fs	7095
NC_045512.2	13716	TTG	T	ORF1ab	gene-GU280_gp01	HIGH	frameshift_variant	transcript	TRANSCRIPT_gene-GU280_gp01	protein_coding	1	c.13453_13454delGT	p.Val4485fs	13453	21290	13453	21290	4485	7095	0	frameshift_variant	NONE	c.13453_13454delGT	p.Val4485fs	7095
NC_045512.2	13769	T	A	ORF1ab	gene-GU280_gp01	MODERATE	missense_variant	transcript	TRANSCRIPT_gene-GU280_gp01	protein_coding	1	c.13504T>A	p.Trp4502Arg	13504	21290	13504	21290	4502	7095	0	missense_variant	NONE	c.13504T>A	p.Trp4502Arg	7095
NC_045512.2	13770	G	T	ORF1ab	gene-GU280_gp01	MODERATE	missense_variant	transcript	TRANSCRIPT_gene-GU280_gp01	protein_coding	1	c.13505G>T	p.Trp4502Leu	13505	21290	13505	21290	4502	7095	0	missense_variant	NONE	c.13505G>T	p.Trp4502Leu	7095
NC_045512.2	13776	A	AC	ORF1ab	gene-GU280_gp01	HIGH	frameshift_variant	transcript	TRANSCRIPT_gene-GU280_gp01	protein_coding	1	c.13512dupC	p.Ile4505fs	13513	21290	13513	21290	4505	7095	0	frameshift_variant	NONE	c.13512dupC	p.Ile4505fs	7095
NC_045512.2	13840	T	C	ORF1ab	gene-GU280_gp01	LOW	synonymous_variant	transcript	TRANSCRIPT_gene-GU280_gp01	protein_coding	1	c.13575T>C	p.Ile4525Ile	13575	21290	13575	21290	4525	7095	0	synonymous_variant	NONE	c.13575T>C	p.Ile4525Ile	7095
NC_045512.2	13926	G	C	ORF1ab	gene-GU280_gp01	MODERATE	missense_variant	transcript	TRANSCRIPT_gene-GU280_gp01	protein_coding	1	c.13661G>C	p.Gly4554Ala	13661	21290	13661	21290	4554	7095	0	missense_variant	NONE	c.13661G>C	p.Gly4554Ala	7095
NC_045512.2	14046	TG	T	ORF1ab	gene-GU280_gp01	HIGH	frameshift_variant	transcript	TRANSCRIPT_gene-GU280_gp01	protein_coding	1	c.13783delG	p.Val4595fs	13783	21290	13783	21290	4595	7095	0	frameshift_variant	NONE	c.13783delG	p.Val4595fs	7095
NC_045512.2	14068	C	T	ORF1ab	gene-GU280_gp01	LOW	synonymous_variant	transcript	TRANSCRIPT_gene-GU280_gp01	protein_coding	1	c.13803C>T	p.Ile4601Ile	13803	21290	13803	21290	4601	7095	0	synonymous_variant	NONE	c.13803C>T	p.Ile4601Ile	7095
NC_045512.2	14088	G	C	ORF1ab	gene-GU280_gp01	MODERATE	missense_variant	transcript	TRANSCRIPT_gene-GU280_gp01	protein_coding	1	c.13823G>C	p.Gly4608Ala	13823	21290	13823	21290	4608	7095	0	missense_variant	NONE	c.13823G>C	p.Gly4608Ala	7095
NC_045512.2	14110	C	CA	ORF1ab	gene-GU280_gp01	HIGH	frameshift_variant	transcript	TRANSCRIPT_gene-GU280_gp01	protein_coding	1	c.13848dupA	p.Pro4617fs	13849	21290	13849	21290	4617	7095	0	frameshift_variant	NONE	c.13848dupA	p.Pro4617fs	7095
NC_045512.2	14189	CT	C	ORF1ab	gene-GU280_gp01	HIGH	frameshift_variant&stop_lost	transcript	TRANSCRIPT_gene-GU280_gp01	protein_coding	1	c.13927delT	p.Ter4643fs	13927	21290	13927	21290	4643	7095	0	frameshift_variant&stop_lost	NONE	c.13927delT	p.Ter4643fs	7095
NC_045512.2	14328	A	C	ORF1ab	gene-GU280_gp01	MODERATE	missense_variant	transcript	TRANSCRIPT_gene-GU280_gp01	protein_coding	1	c.14063A>C	p.Gln4688Pro	14063	21290	14063	21290	4688	7095	0	missense_variant	NONE	c.14063A>C	p.Gln4688Pro	7095
NC_045512.2	14408	C	T	ORF1ab	gene-GU280_gp01	LOW	synonymous_variant	transcript	TRANSCRIPT_gene-GU280_gp01	protein_coding	1	c.14143C>T	p.Leu4715Leu	14143	21290	14143	21290	4715	7095	0	synonymous_variant	NONE	c.14143C>T	p.Leu4715Leu	7095
NC_045512.2	14653	GT	G	ORF1ab	gene-GU280_gp01	HIGH	frameshift_variant	transcript	TRANSCRIPT_gene-GU280_gp01	protein_coding	1	c.14390delT	p.Leu4797fs	14390	21290	14390	21290	4797	7095	0	frameshift_variant	NONE	c.14390delT	p.Leu4797fs	7095
NC_045512.2	14656	G	C	ORF1ab	gene-GU280_gp01	MODERATE	missense_variant	transcript	TRANSCRIPT_gene-GU280_gp01	protein_coding	1	c.14391G>C	p.Leu4797Phe	14391	21290	14391	21290	4797	7095	0	missense_variant	NONE	c.14391G>C	p.Leu4797Phe	7095
NC_045512.2	14662	CA	C	ORF1ab	gene-GU280_gp01	HIGH	frameshift_variant	transcript	TRANSCRIPT_gene-GU280_gp01	protein_coding	1	c.14400delA	p.Lys4800fs	14400	21290	14400	21290	4800	7095	0	frameshift_variant	NONE	c.14400delA	p.Lys4800fs	7095
NC_045512.2	14735	GA	G	ORF1ab	gene-GU280_gp01	HIGH	frameshift_variant	transcript	TRANSCRIPT_gene-GU280_gp01	protein_coding	1	c.14472delA	p.Val4825fs	14472	21290	14472	21290	4824	7095	0	frameshift_variant	NONE	c.14472delA	p.Val4825fs	7095
NC_045512.2	14740	T	C	ORF1ab	gene-GU280_gp01	LOW	synonymous_variant	transcript	TRANSCRIPT_gene-GU280_gp01	protein_coding	1	c.14475T>C	p.Val4825Val	14475	21290	14475	21290	4825	7095	0	synonymous_variant	NONE	c.14475T>C	p.Val4825Val	7095
NC_045512.2	14783	C	T	ORF1ab	gene-GU280_gp01	LOW	synonymous_variant	transcript	TRANSCRIPT_gene-GU280_gp01	protein_coding	1	c.14518C>T	p.Leu4840Leu	14518	21290	14518	21290	4840	7095	0	synonymous_variant	NONE	c.14518C>T	p.Leu4840Leu	7095
NC_045512.2	14883	T	C	ORF1ab	gene-GU280_gp01	MODERATE	missense_variant	transcript	TRANSCRIPT_gene-GU280_gp01	protein_coding	1	c.14618T>C	p.Ile4873Thr	14618	21290	14618	21290	4873	7095	0	missense_variant	NONE	c.14618T>C	p.Ile4873Thr	7095
NC_045512.2	14980	CT	C	ORF1ab	gene-GU280_gp01	HIGH	frameshift_variant	transcript	TRANSCRIPT_gene-GU280_gp01	protein_coding	1	c.14718delT	p.Phe4906fs	14718	21290	14718	21290	4906	7095	0	frameshift_variant	NONE	c.14718delT	p.Phe4906fs	7095
NC_045512.2	15028	T	C	ORF1ab	gene-GU280_gp01	LOW	synonymous_variant	transcript	TRANSCRIPT_gene-GU280_gp01	protein_coding	1	c.14763T>C	p.His4921His	14763	21290	14763	21290	4921	7095	0	synonymous_variant	NONE	c.14763T>C	p.His4921His	7095
NC_045512.2	15032	CA	C	ORF1ab	gene-GU280_gp01	HIGH	frameshift_variant	transcript	TRANSCRIPT_gene-GU280_gp01	protein_coding	1	c.14771delA	p.Asn4924fs	14771	21290	14771	21290	4924	7095	0	frameshift_variant	NONE	c.14771delA	p.Asn4924fs	7095
NC_045512.2	15112	G	T	ORF1ab	gene-GU280_gp01	HIGH	stop_lost	transcript	TRANSCRIPT_gene-GU280_gp01	protein_coding	1	c.14847G>T	p.Ter4949Tyrext*?	14847	21290	14847	21290	4949	7095	0	stop_lost	NONE	c.14847G>T	p.Ter4949Tyrext*?	7095
NC_045512.2	15545	C	T	ORF1ab	gene-GU280_gp01	MODERATE	missense_variant	transcript	TRANSCRIPT_gene-GU280_gp01	protein_coding	1	c.15280C>T	p.Pro5094Ser	15280	21290	15280	21290	5094	7095	0	missense_variant	NONE	c.15280C>T	p.Pro5094Ser	7095
NC_045512.2	15858	TA	T	ORF1ab	gene-GU280_gp01	HIGH	frameshift_variant	transcript	TRANSCRIPT_gene-GU280_gp01	protein_coding	1	c.15596delA	p.Lys5199fs	15596	21290	15596	21290	5199	7095	0	frameshift_variant	NONE	c.15596delA	p.Lys5199fs	7095
NC_045512.2	15964	TG	T	ORF1ab	gene-GU280_gp01	HIGH	frameshift_variant	transcript	TRANSCRIPT_gene-GU280_gp01	protein_coding	1	c.15700delG	p.Val5234fs	15700	21290	15700	21290	5234	7095	0	frameshift_variant	NONE	c.15700delG	p.Val5234fs	7095
NC_045512.2	15983	TA	T	ORF1ab	gene-GU280_gp01	HIGH	frameshift_variant	transcript	TRANSCRIPT_gene-GU280_gp01	protein_coding	1	c.15723delA	p.Lys5241fs	15723	21290	15723	21290	5241	7095	0	frameshift_variant	NONE	c.15723delA	p.Lys5241fs	7095
NC_045512.2	16000	C	T	ORF1ab	gene-GU280_gp01	LOW	synonymous_variant	transcript	TRANSCRIPT_gene-GU280_gp01	protein_coding	1	c.15735C>T	p.His5245His	15735	21290	15735	21290	5245	7095	0	synonymous_variant	NONE	c.15735C>T	p.His5245His	7095
NC_045512.2	16324	TG	T	ORF1ab	gene-GU280_gp01	HIGH	frameshift_variant	transcript	TRANSCRIPT_gene-GU280_gp01	protein_coding	1	c.16060delG	p.Val5354fs	16060	21290	16060	21290	5354	7095	0	frameshift_variant	NONE	c.16060delG	p.Val5354fs	7095
NC_045512.2	16471	A	G	ORF1ab	gene-GU280_gp01	LOW	synonymous_variant	transcript	TRANSCRIPT_gene-GU280_gp01	protein_coding	1	c.16206A>G	p.Pro5402Pro	16206	21290	16206	21290	5402	7095	0	synonymous_variant	NONE	c.16206A>G	p.Pro5402Pro	7095
NC_045512.2	16577	G	C	ORF1ab	gene-GU280_gp01	MODERATE	missense_variant	transcript	TRANSCRIPT_gene-GU280_gp01	protein_coding	1	c.16312G>C	p.Gly5438Arg	16312	21290	16312	21290	5438	7095	0	missense_variant	NONE	c.16312G>C	p.Gly5438Arg	7095
NC_045512.2	16577	G	C	S	gene-GU280_gp02	MODIFIER	upstream_gene_variant	transcript	TRANSCRIPT_gene-GU280_gp02	protein_coding	-1	c.-4986G>C	.	-1	-1	-1	-1	-1	-1	4986	upstream_gene_variant	NONE	c.-4986G>C	.	-1
NC_045512.2	16618	G	C	ORF1ab	gene-GU280_gp01	LOW	synonymous_variant	transcript	TRANSCRIPT_gene-GU280_gp01	protein_coding	1	c.16353G>C	p.Leu5451Leu	16353	21290	16353	21290	5451	7095	0	synonymous_variant	NONE	c.16353G>C	p.Leu5451Leu	7095
NC_045512.2	16618	G	C	S	gene-GU280_gp02	MODIFIER	upstream_gene_variant	transcript	TRANSCRIPT_gene-GU280_gp02	protein_coding	-1	c.-4945G>C	.	-1	-1	-1	-1	-1	-1	4945	upstream_gene_variant	NONE	c.-4945G>C	.	-1
NC_045512.2	16623	A	T	ORF1ab	gene-GU280_gp01	MODERATE	missense_variant	transcript	TRANSCRIPT_gene-GU280_gp01	protein_coding	1	c.16358A>T	p.Asp5453Val	16358	21290	16358	21290	5453	7095	0	missense_variant	NONE	c.16358A>T	p.Asp5453Val	7095
NC_045512.2	16623	A	T	S	gene-GU280_gp02	MODIFIER	upstream_gene_variant	transcript	TRANSCRIPT_gene-GU280_gp02	protein_coding	-1	c.-4940A>T	.	-1	-1	-1	-1	-1	-1	4940	upstream_gene_variant	NONE	c.-4940A>T	.	-1
NC_045512.2	16741	GT	G	ORF1ab	gene-GU280_gp01	HIGH	frameshift_variant	transcript	TRANSCRIPT_gene-GU280_gp01	protein_coding	1	c.16478delT	p.Leu5493fs	16478	21290	16478	21290	5493	7095	0	frameshift_variant	NONE	c.16478delT	p.Leu5493fs	7095
NC_045512.2	16741	GT	G	S	gene-GU280_gp02	MODIFIER	upstream_gene_variant	transcript	TRANSCRIPT_gene-GU280_gp02	protein_coding	-1	c.-4821delT	.	-1	-1	-1	-1	-1	-1	4821	upstream_gene_variant	NONE	c.-4821delT	.	-1
NC_045512.2	17124	T	C	ORF1ab	gene-GU280_gp01	MODERATE	missense_variant	transcript	TRANSCRIPT_gene-GU280_gp01	protein_coding	1	c.16859T>C	p.Leu5620Pro	16859	21290	16859	21290	5620	7095	0	missense_variant	NONE	c.16859T>C	p.Leu5620Pro	7095
NC_045512.2	17124	T	C	S	gene-GU280_gp02	MODIFIER	upstream_gene_variant	transcript	TRANSCRIPT_gene-GU280_gp02	protein_coding	-1	c.-4439T>C	.	-1	-1	-1	-1	-1	-1	4439	upstream_gene_variant	NONE	c.-4439T>C	.	-1
NC_045512.2	17544	G	C	ORF1ab	gene-GU280_gp01	MODERATE	missense_variant	transcript	TRANSCRIPT_gene-GU280_gp01	protein_coding	1	c.17279G>C	p.Cys5760Ser	17279	21290	17279	21290	5760	7095	0	missense_variant	NONE	c.17279G>C	p.Cys5760Ser	7095
NC_045512.2	17544	G	C	S	gene-GU280_gp02	MODIFIER	upstream_gene_variant	transcript	TRANSCRIPT_gene-GU280_gp02	protein_coding	-1	c.-4019G>C	.	-1	-1	-1	-1	-1	-1	4019	upstream_gene_variant	NONE	c.-4019G>C	.	-1
NC_045512.2	17552	G	T	ORF1ab	gene-GU280_gp01	HIGH	stop_gained	transcript	TRANSCRIPT_gene-GU280_gp01	protein_coding	1	c.17287G>T	p.Glu5763*	17287	21290	17287	21290	5763	7095	0	stop_gained	NONE	c.17287G>T	p.Glu5763*	7095
NC_045512.2	17552	G	T	S	gene-GU280_gp02	MODIFIER	upstream_gene_variant	transcript	TRANSCRIPT_gene-GU280_gp02	protein_coding	-1	c.-4011G>T	.	-1	-1	-1	-1	-1	-1	4011	upstream_gene_variant	NONE	c.-4011G>T	.	-1
NC_045512.2	17571	TG	T	ORF1ab	gene-GU280_gp01	HIGH	frameshift_variant	transcript	TRANSCRIPT_gene-GU280_gp01	protein_coding	1	c.17307delG	p.Leu5770fs	17307	21290	17307	21290	5769	7095	0	frameshift_variant	NONE	c.17307delG	p.Leu5770fs	7095
NC_045512.2	17571	TG	T	S	gene-GU280_gp02	MODIFIER	upstream_gene_variant	transcript	TRANSCRIPT_gene-GU280_gp02	protein_coding	-1	c.-3991delG	.	-1	-1	-1	-1	-1	-1	3991	upstream_gene_variant	NONE	c.-3991delG	.	-1
NC_045512.2	17831	CTGT	C	ORF1ab	gene-GU280_gp01	MODERATE	conservative_inframe_deletion	transcript	TRANSCRIPT_gene-GU280_gp01	protein_coding	1	c.17569_17571delTTG	p.Leu5857del	17569	21290	17569	21290	5857	7095	0	conservative_inframe_deletion	NONE	c.17569_17571delTTG	p.Leu5857del	7095
NC_045512.2	17831	CTGT	C	S	gene-GU280_gp02	MODIFIER	upstream_gene_variant	transcript	TRANSCRIPT_gene-GU280_gp02	protein_coding	-1	c.-3731_-3729delTGT	.	-1	-1	-1	-1	-1	-1	3731	upstream_gene_variant	NONE	c.-3731_-3729delTGT	.	-1
NC_045512.2	17886	T	C	ORF1ab	gene-GU280_gp01	MODERATE	missense_variant	transcript	TRANSCRIPT_gene-GU280_gp01	protein_coding	1	c.17621T>C	p.Leu5874Pro	17621	21290	17621	21290	5874	7095	0	missense_variant	NONE	c.17621T>C	p.Leu5874Pro	7095
NC_045512.2	17886	T	C	S	gene-GU280_gp02	MODIFIER	upstream_gene_variant	transcript	TRANSCRIPT_gene-GU280_gp02	protein_coding	-1	c.-3677T>C	.	-1	-1	-1	-1	-1	-1	3677	upstream_gene_variant	NONE	c.-3677T>C	.	-1
NC_045512.2	18307	G	C	ORF1ab	gene-GU280_gp01	LOW	synonymous_variant	transcript	TRANSCRIPT_gene-GU280_gp01	protein_coding	1	c.18042G>C	p.Ser6014Ser	18042	21290	18042	21290	6014	7095	0	synonymous_variant	NONE	c.18042G>C	p.Ser6014Ser	7095
NC_045512.2	18307	G	C	S	gene-GU280_gp02	MODIFIER	upstream_gene_variant	transcript	TRANSCRIPT_gene-GU280_gp02	protein_coding	-1	c.-3256G>C	.	-1	-1	-1	-1	-1	-1	3256	upstream_gene_variant	NONE	c.-3256G>C	.	-1
NC_045512.2	18424	A	G	ORF1ab	gene-GU280_gp01	LOW	synonymous_variant	transcript	TRANSCRIPT_gene-GU280_gp01	protein_coding	1	c.18159A>G	p.Leu6053Leu	18159	21290	18159	21290	6053	7095	0	synonymous_variant	NONE	c.18159A>G	p.Leu6053Leu	7095
NC_045512.2	18424	A	G	S	gene-GU280_gp02	MODIFIER	upstream_gene_variant	transcript	TRANSCRIPT_gene-GU280_gp02	protein_coding	-1	c.-3139A>G	.	-1	-1	-1	-1	-1	-1	3139	upstream_gene_variant	NONE	c.-3139A>G	.	-1
NC_045512.2	18434	AT	A	ORF1ab	gene-GU280_gp01	HIGH	frameshift_variant	transcript	TRANSCRIPT_gene-GU280_gp01	protein_coding	1	c.18174delT	p.Pro6059fs	18174	21290	18174	21290	6058	7095	0	frameshift_variant	NONE	c.18174delT	p.Pro6059fs	7095
NC_045512.2	18434	AT	A	S	gene-GU280_gp02	MODIFIER	upstream_gene_variant	transcript	TRANSCRIPT_gene-GU280_gp02	protein_coding	-1	c.-3128delT	.	-1	-1	-1	-1	-1	-1	3128	upstream_gene_variant	NONE	c.-3128delT	.	-1
NC_045512.2	18651	G	T	ORF1ab	gene-GU280_gp01	MODERATE	missense_variant	transcript	TRANSCRIPT_gene-GU280_gp01	protein_coding	1	c.18386G>T	p.Ser6129Ile	18386	21290	18386	21290	6129	7095	0	missense_variant	NONE	c.18386G>T	p.Ser6129Ile	7095
NC_045512.2	18651	G	T	S	gene-GU280_gp02	MODIFIER	upstream_gene_variant	transcript	TRANSCRIPT_gene-GU280_gp02	protein_coding	-1	c.-2912G>T	.	-1	-1	-1	-1	-1	-1	2912	upstream_gene_variant	NONE	c.-2912G>T	.	-1
NC_045512.2	18654	C	T	ORF1ab	gene-GU280_gp01	MODERATE	missense_variant	transcript	TRANSCRIPT_gene-GU280_gp01	protein_coding	1	c.18389C>T	p.Ala6130Val	18389	21290	18389	21290	6130	7095	0	missense_variant	NONE	c.18389C>T	p.Ala6130Val	7095
NC_045512.2	18654	C	T	S	gene-GU280_gp02	MODIFIER	upstream_gene_variant	transcript	TRANSCRIPT_gene-GU280_gp02	protein_coding	-1	c.-2909C>T	.	-1	-1	-1	-1	-1	-1	2909	upstream_gene_variant	NONE	c.-2909C>T	.	-1
NC_045512.2	18683	CAT	C	ORF1ab	gene-GU280_gp01	HIGH	frameshift_variant	transcript	TRANSCRIPT_gene-GU280_gp01	protein_coding	1	c.18419_18420delAT	p.His6140fs	18419	21290	18419	21290	6140	7095	0	frameshift_variant	NONE	c.18419_18420delAT	p.His6140fs	7095
NC_045512.2	18683	CAT	C	S	gene-GU280_gp02	MODIFIER	upstream_gene_variant	transcript	TRANSCRIPT_gene-GU280_gp02	protein_coding	-1	c.-2879_-2878delAT	.	-1	-1	-1	-1	-1	-1	2879	upstream_gene_variant	NONE	c.-2879_-2878delAT	.	-1
NC_045512.2	18782	G	T	ORF1ab	gene-GU280_gp01	MODERATE	missense_variant	transcript	TRANSCRIPT_gene-GU280_gp01	protein_coding	1	c.18517G>T	p.Val6173Phe	18517	21290	18517	21290	6173	7095	0	missense_variant	NONE	c.18517G>T	p.Val6173Phe	7095
NC_045512.2	18782	G	T	S	gene-GU280_gp02	MODIFIER	upstream_gene_variant	transcript	TRANSCRIPT_gene-GU280_gp02	protein_coding	-1	c.-2781G>T	.	-1	-1	-1	-1	-1	-1	2781	upstream_gene_variant	NONE	c.-2781G>T	.	-1
NC_045512.2	18854	G	C	ORF1ab	gene-GU280_gp01	MODERATE	missense_variant	transcript	TRANSCRIPT_gene-GU280_gp01	protein_coding	1	c.18589G>C	p.Val6197Leu	18589	21290	18589	21290	6197	7095	0	missense_variant	NONE	c.18589G>C	p.Val6197Leu	7095
NC_045512.2	18854	G	C	S	gene-GU280_gp02	MODIFIER	upstream_gene_variant	transcript	TRANSCRIPT_gene-GU280_gp02	protein_coding	-1	c.-2709G>C	.	-1	-1	-1	-1	-1	-1	2709	upstream_gene_variant	NONE	c.-2709G>C	.	-1
NC_045512.2	18962	CTTG	C	ORF1ab	gene-GU280_gp01	MODERATE	disruptive_inframe_deletion	transcript	TRANSCRIPT_gene-GU280_gp01	protein_coding	1	c.18699_18701delTGT	p.Val6234del	18699	21290	18699	21290	6233	7095	0	disruptive_inframe_deletion	NONE	c.18699_18701delTGT	p.Val6234del	7095
NC_045512.2	18962	CTTG	C	S	gene-GU280_gp02	MODIFIER	upstream_gene_variant	transcript	TRANSCRIPT_gene-GU280_gp02	protein_coding	-1	c.-2600_-2598delTTG	.	-1	-1	-1	-1	-1	-1	2600	upstream_gene_variant	NONE	c.-2600_-2598delTTG	.	-1
NC_045512.2	19049	CTA	C	ORF1ab	gene-GU280_gp01	HIGH	frameshift_variant	transcript	TRANSCRIPT_gene-GU280_gp01	protein_coding	1	c.18786_18787delAT	p.Leu6263fs	18786	21290	18786	21290	6262	7095	0	frameshift_variant	NONE	c.18786_18787delAT	p.Leu6263fs	7095
NC_045512.2	19049	CTA	C	S	gene-GU280_gp02	MODIFIER	upstream_gene_variant	transcript	TRANSCRIPT_gene-GU280_gp02	protein_coding	-1	c.-2513_-2512delTA	.	-1	-1	-1	-1	-1	-1	2513	upstream_gene_variant	NONE	c.-2513_-2512delTA	.	-1
NC_045512.2	19151	CCA	C	ORF1ab	gene-GU280_gp01	HIGH	frameshift_variant	transcript	TRANSCRIPT_gene-GU280_gp01	protein_coding	1	c.18891_18892delCA	p.Ile6298fs	18891	21290	18891	21290	6297	7095	0	frameshift_variant	NONE	c.18891_18892delCA	p.Ile6298fs	7095
NC_045512.2	19151	CCA	C	S	gene-GU280_gp02	MODIFIER	upstream_gene_variant	transcript	TRANSCRIPT_gene-GU280_gp02	protein_coding	-1	c.-2411_-2410delCA	.	-1	-1	-1	-1	-1	-1	2411	upstream_gene_variant	NONE	c.-2411_-2410delCA	.	-1
NC_045512.2	19253	T	C	ORF1ab	gene-GU280_gp01	MODERATE	missense_variant	transcript	TRANSCRIPT_gene-GU280_gp01	protein_coding	1	c.18988T>C	p.Cys6330Arg	18988	21290	18988	21290	6330	7095	0	missense_variant	NONE	c.18988T>C	p.Cys6330Arg	7095
NC_045512.2	19253	T	C	S	gene-GU280_gp02	MODIFIER	upstream_gene_variant	transcript	TRANSCRIPT_gene-GU280_gp02	protein_coding	-1	c.-2310T>C	.	-1	-1	-1	-1	-1	-1	2310	upstream_gene_variant	NONE	c.-2310T>C	.	-1
NC_045512.2	19368	ATT	A	ORF1ab	gene-GU280_gp01	HIGH	frameshift_variant	transcript	TRANSCRIPT_gene-GU280_gp01	protein_coding	1	c.19107_19108delTT	p.Ser6370fs	19107	21290	19107	21290	6369	7095	0	frameshift_variant	NONE	c.19107_19108delTT	p.Ser6370fs	7095
NC_045512.2	19368	ATT	A	S	gene-GU280_gp02	MODIFIER	upstream_gene_variant	transcript	TRANSCRIPT_gene-GU280_gp02	protein_coding	-1	c.-2194_-2193delTT	.	-1	-1	-1	-1	-1	-1	2194	upstream_gene_variant	NONE	c.-2194_-2193delTT	.	-1
NC_045512.2	19550	CTGG	C	ORF1ab	gene-GU280_gp01	MODERATE	disruptive_inframe_deletion	transcript	TRANSCRIPT_gene-GU280_gp01	protein_coding	1	c.19286_19288delTGG	p.Leu6429_Ala6430delinsPro	19286	21290	19286	21290	6429	7095	0	disruptive_inframe_deletion	NONE	c.19286_19288delTGG	p.Leu6429_Ala6430delinsPro	7095
NC_045512.2	19550	CTGG	C	S	gene-GU280_gp02	MODIFIER	upstream_gene_variant	transcript	TRANSCRIPT_gene-GU280_gp02	protein_coding	-1	c.-2012_-2010delTGG	.	-1	-1	-1	-1	-1	-1	2012	upstream_gene_variant	NONE	c.-2012_-2010delTGG	.	-1
NC_045512.2	19710	TG	T	ORF1ab	gene-GU280_gp01	HIGH	frameshift_variant	transcript	TRANSCRIPT_gene-GU280_gp01	protein_coding	1	c.19446delG	p.Phe6483fs	19446	21290	19446	21290	6482	7095	0	frameshift_variant	NONE	c.19446delG	p.Phe6483fs	7095
NC_045512.2	19710	TG	T	S	gene-GU280_gp02	MODIFIER	upstream_gene_variant	transcript	TRANSCRIPT_gene-GU280_gp02	protein_coding	-1	c.-1852delG	.	-1	-1	-1	-1	-1	-1	1852	upstream_gene_variant	NONE	c.-1852delG	.	-1
NC_045512.2	19728	TG	T	ORF1ab	gene-GU280_gp01	HIGH	frameshift_variant	transcript	TRANSCRIPT_gene-GU280_gp01	protein_coding	1	c.19465delG	p.Val6489fs	19465	21290	19465	21290	6489	7095	0	frameshift_variant	NONE	c.19465delG	p.Val6489fs	7095
NC_045512.2	19728	TG	T	S	gene-GU280_gp02	MODIFIER	upstream_gene_variant	transcript	TRANSCRIPT_gene-GU280_gp02	protein_coding	-1	c.-1834delG	.	-1	-1	-1	-1	-1	-1	1834	upstream_gene_variant	NONE	c.-1834delG	.	-1
NC_045512.2	19847	G	A	ORF1ab	gene-GU280_gp01	MODERATE	missense_variant	transcript	TRANSCRIPT_gene-GU280_gp01	protein_coding	1	c.19582G>A	p.Val6528Met	19582	21290	19582	21290	6528	7095	0	missense_variant	NONE	c.19582G>A	p.Val6528Met	7095
NC_045512.2	19847	G	A	S	gene-GU280_gp02	MODIFIER	upstream_gene_variant	transcript	TRANSCRIPT_gene-GU280_gp02	protein_coding	-1	c.-1716G>A	.	-1	-1	-1	-1	-1	-1	1716	upstream_gene_variant	NONE	c.-1716G>A	.	-1
NC_045512.2	19859	CT	C	ORF1ab	gene-GU280_gp01	HIGH	frameshift_variant	transcript	TRANSCRIPT_gene-GU280_gp01	protein_coding	1	c.19595delT	p.Leu6532fs	19595	21290	19595	21290	6532	7095	0	frameshift_variant	NONE	c.19595delT	p.Leu6532fs	7095
NC_045512.2	19859	CT	C	S	gene-GU280_gp02	MODIFIER	upstream_gene_variant	transcript	TRANSCRIPT_gene-GU280_gp02	protein_coding	-1	c.-1703delT	.	-1	-1	-1	-1	-1	-1	1703	upstream_gene_variant	NONE	c.-1703delT	.	-1
NC_045512.2	19983	C	CT	ORF1ab	gene-GU280_gp01	HIGH	frameshift_variant	transcript	TRANSCRIPT_gene-GU280_gp01	protein_coding	1	c.19724dupT	p.Leu6575fs	19725	21290	19725	21290	6575	7095	0	frameshift_variant	NONE	c.19724dupT	p.Leu6575fs	7095
NC_045512.2	19983	C	CT	S	gene-GU280_gp02	MODIFIER	upstream_gene_variant	transcript	TRANSCRIPT_gene-GU280_gp02	protein_coding	-1	c.-1580_-1579insT	.	-1	-1	-1	-1	-1	-1	1579	upstream_gene_variant	NONE	c.-1580_-1579insT	.	-1
NC_045512.2	19987	T	C	ORF1ab	gene-GU280_gp01	LOW	synonymous_variant	transcript	TRANSCRIPT_gene-GU280_gp01	protein_coding	1	c.19722T>C	p.Phe6574Phe	19722	21290	19722	21290	6574	7095	0	synonymous_variant	NONE	c.19722T>C	p.Phe6574Phe	7095
NC_045512.2	19987	T	C	S	gene-GU280_gp02	MODIFIER	upstream_gene_variant	transcript	TRANSCRIPT_gene-GU280_gp02	protein_coding	-1	c.-1576T>C	.	-1	-1	-1	-1	-1	-1	1576	upstream_gene_variant	NONE	c.-1576T>C	.	-1
NC_045512.2	20129	A	T	ORF1ab	gene-GU280_gp01	HIGH	stop_gained	transcript	TRANSCRIPT_gene-GU280_gp01	protein_coding	1	c.19864A>T	p.Lys6622*	19864	21290	19864	21290	6622	7095	0	stop_gained	NONE	c.19864A>T	p.Lys6622*	7095
NC_045512.2	20129	A	T	S	gene-GU280_gp02	MODIFIER	upstream_gene_variant	transcript	TRANSCRIPT_gene-GU280_gp02	protein_coding	-1	c.-1434A>T	.	-1	-1	-1	-1	-1	-1	1434	upstream_gene_variant	NONE	c.-1434A>T	.	-1
NC_045512.2	20178	C	T	ORF1ab	gene-GU280_gp01	MODERATE	missense_variant	transcript	TRANSCRIPT_gene-GU280_gp01	protein_coding	1	c.19913C>T	p.Ser6638Phe	19913	21290	19913	21290	6638	7095	0	missense_variant	NONE	c.19913C>T	p.Ser6638Phe	7095
NC_045512.2	20178	C	T	S	gene-GU280_gp02	MODIFIER	upstream_gene_variant	transcript	TRANSCRIPT_gene-GU280_gp02	protein_coding	-1	c.-1385C>T	.	-1	-1	-1	-1	-1	-1	1385	upstream_gene_variant	NONE	c.-1385C>T	.	-1
NC_045512.2	20213	GA	G	ORF1ab	gene-GU280_gp01	HIGH	frameshift_variant	transcript	TRANSCRIPT_gene-GU280_gp01	protein_coding	1	c.19951delA	p.Ile6651fs	19951	21290	19951	21290	6651	7095	0	frameshift_variant	NONE	c.19951delA	p.Ile6651fs	7095
NC_045512.2	20213	GA	G	S	gene-GU280_gp02	MODIFIER	upstream_gene_variant	transcript	TRANSCRIPT_gene-GU280_gp02	protein_coding	-1	c.-1349delA	.	-1	-1	-1	-1	-1	-1	1349	upstream_gene_variant	NONE	c.-1349delA	.	-1
NC_045512.2	20293	T	C	ORF1ab	gene-GU280_gp01	LOW	synonymous_variant	transcript	TRANSCRIPT_gene-GU280_gp01	protein_coding	1	c.20028T>C	p.Gly6676Gly	20028	21290	20028	21290	6676	7095	0	synonymous_variant	NONE	c.20028T>C	p.Gly6676Gly	7095
NC_045512.2	20293	T	C	S	gene-GU280_gp02	MODIFIER	upstream_gene_variant	transcript	TRANSCRIPT_gene-GU280_gp02	protein_coding	-1	c.-1270T>C	.	-1	-1	-1	-1	-1	-1	1270	upstream_gene_variant	NONE	c.-1270T>C	.	-1
NC_045512.2	20385	TA	T	ORF1ab	gene-GU280_gp01	HIGH	frameshift_variant	transcript	TRANSCRIPT_gene-GU280_gp01	protein_coding	1	c.20123delA	p.Asn6708fs	20123	21290	20123	21290	6708	7095	0	frameshift_variant	NONE	c.20123delA	p.Asn6708fs	7095
NC_045512.2	20385	TA	T	S	gene-GU280_gp02	MODIFIER	upstream_gene_variant	transcript	TRANSCRIPT_gene-GU280_gp02	protein_coding	-1	c.-1177delA	.	-1	-1	-1	-1	-1	-1	1177	upstream_gene_variant	NONE	c.-1177delA	.	-1
NC_045512.2	20402	C	T	ORF1ab	gene-GU280_gp01	MODERATE	missense_variant	transcript	TRANSCRIPT_gene-GU280_gp01	protein_coding	1	c.20137C>T	p.His6713Tyr	20137	21290	20137	21290	6713	7095	0	missense_variant	NONE	c.20137C>T	p.His6713Tyr	7095
NC_045512.2	20402	C	T	S	gene-GU280_gp02	MODIFIER	upstream_gene_variant	transcript	TRANSCRIPT_gene-GU280_gp02	protein_coding	-1	c.-1161C>T	.	-1	-1	-1	-1	-1	-1	1161	upstream_gene_variant	NONE	c.-1161C>T	.	-1
NC_045512.2	20402	C	T	ORF3a	gene-GU280_gp03	MODIFIER	upstream_gene_variant	transcript	TRANSCRIPT_gene-GU280_gp03	protein_coding	-1	c.-4991C>T	.	-1	-1	-1	-1	-1	-1	4991	upstream_gene_variant	NONE	c.-4991C>T	.	-1
NC_045512.2	20405	C	CT	ORF1ab	gene-GU280_gp01	HIGH	frameshift_variant	transcript	TRANSCRIPT_gene-GU280_gp01	protein_coding	1	c.20144dupT	p.Leu6715fs	20145	21290	20145	21290	6715	7095	0	frameshift_variant	NONE	c.20144dupT	p.Leu6715fs	7095
NC_045512.2	20405	C	CT	S	gene-GU280_gp02	MODIFIER	upstream_gene_variant	transcript	TRANSCRIPT_gene-GU280_gp02	protein_coding	-1	c.-1158_-1157insT	.	-1	-1	-1	-1	-1	-1	1157	upstream_gene_variant	NONE	c.-1158_-1157insT	.	-1
NC_045512.2	20405	C	CT	ORF3a	gene-GU280_gp03	MODIFIER	upstream_gene_variant	transcript	TRANSCRIPT_gene-GU280_gp03	protein_coding	-1	c.-4988_-4987insT	.	-1	-1	-1	-1	-1	-1	4987	upstream_gene_variant	NONE	c.-4988_-4987insT	.	-1
NC_045512.2	20406	T	C	ORF1ab	gene-GU280_gp01	MODERATE	missense_variant	transcript	TRANSCRIPT_gene-GU280_gp01	protein_coding	1	c.20141T>C	p.Leu6714Pro	20141	21290	20141	21290	6714	7095	0	missense_variant	NONE	c.20141T>C	p.Leu6714Pro	7095
NC_045512.2	20406	T	C	S	gene-GU280_gp02	MODIFIER	upstream_gene_variant	transcript	TRANSCRIPT_gene-GU280_gp02	protein_coding	-1	c.-1157T>C	.	-1	-1	-1	-1	-1	-1	1157	upstream_gene_variant	NONE	c.-1157T>C	.	-1
NC_045512.2	20406	T	C	ORF3a	gene-GU280_gp03	MODIFIER	upstream_gene_variant	transcript	TRANSCRIPT_gene-GU280_gp03	protein_coding	-1	c.-4987T>C	.	-1	-1	-1	-1	-1	-1	4987	upstream_gene_variant	NONE	c.-4987T>C	.	-1
NC_045512.2	20417	A	T	ORF1ab	gene-GU280_gp01	HIGH	stop_gained	transcript	TRANSCRIPT_gene-GU280_gp01	protein_coding	1	c.20152A>T	p.Lys6718*	20152	21290	20152	21290	6718	7095	0	stop_gained	NONE	c.20152A>T	p.Lys6718*	7095
NC_045512.2	20417	A	T	S	gene-GU280_gp02	MODIFIER	upstream_gene_variant	transcript	TRANSCRIPT_gene-GU280_gp02	protein_coding	-1	c.-1146A>T	.	-1	-1	-1	-1	-1	-1	1146	upstream_gene_variant	NONE	c.-1146A>T	.	-1
NC_045512.2	20417	A	T	ORF3a	gene-GU280_gp03	MODIFIER	upstream_gene_variant	transcript	TRANSCRIPT_gene-GU280_gp03	protein_coding	-1	c.-4976A>T	.	-1	-1	-1	-1	-1	-1	4976	upstream_gene_variant	NONE	c.-4976A>T	.	-1
NC_045512.2	20420	ATT	A	ORF1ab	gene-GU280_gp01	HIGH	frameshift_variant	transcript	TRANSCRIPT_gene-GU280_gp01	protein_coding	1	c.20158_20159delTT	p.Leu6720fs	20158	21290	20158	21290	6720	7095	0	frameshift_variant	NONE	c.20158_20159delTT	p.Leu6720fs	7095
NC_045512.2	20420	ATT	A	S	gene-GU280_gp02	MODIFIER	upstream_gene_variant	transcript	TRANSCRIPT_gene-GU280_gp02	protein_coding	-1	c.-1142_-1141delTT	.	-1	-1	-1	-1	-1	-1	1142	upstream_gene_variant	NONE	c.-1142_-1141delTT	.	-1
NC_045512.2	20420	ATT	A	ORF3a	gene-GU280_gp03	MODIFIER	upstream_gene_variant	transcript	TRANSCRIPT_gene-GU280_gp03	protein_coding	-1	c.-4972_-4971delTT	.	-1	-1	-1	-1	-1	-1	4972	upstream_gene_variant	NONE	c.-4972_-4971delTT	.	-1
NC_045512.2	20432	TG	T	ORF1ab	gene-GU280_gp01	HIGH	frameshift_variant	transcript	TRANSCRIPT_gene-GU280_gp01	protein_coding	1	c.20169delG	p.Trp6723fs	20169	21290	20169	21290	6723	7095	0	frameshift_variant	NONE	c.20169delG	p.Trp6723fs	7095
NC_045512.2	20432	TG	T	S	gene-GU280_gp02	MODIFIER	upstream_gene_variant	transcript	TRANSCRIPT_gene-GU280_gp02	protein_coding	-1	c.-1130delG	.	-1	-1	-1	-1	-1	-1	1130	upstream_gene_variant	NONE	c.-1130delG	.	-1
NC_045512.2	20432	TG	T	ORF3a	gene-GU280_gp03	MODIFIER	upstream_gene_variant	transcript	TRANSCRIPT_gene-GU280_gp03	protein_coding	-1	c.-4960delG	.	-1	-1	-1	-1	-1	-1	4960	upstream_gene_variant	NONE	c.-4960delG	.	-1
NC_045512.2	20583	T	C	ORF1ab	gene-GU280_gp01	MODERATE	missense_variant	transcript	TRANSCRIPT_gene-GU280_gp01	protein_coding	1	c.20318T>C	p.Leu6773Pro	20318	21290	20318	21290	6773	7095	0	missense_variant	NONE	c.20318T>C	p.Leu6773Pro	7095
NC_045512.2	20583	T	C	S	gene-GU280_gp02	MODIFIER	upstream_gene_variant	transcript	TRANSCRIPT_gene-GU280_gp02	protein_coding	-1	c.-980T>C	.	-1	-1	-1	-1	-1	-1	980	upstream_gene_variant	NONE	c.-980T>C	.	-1
NC_045512.2	20583	T	C	ORF3a	gene-GU280_gp03	MODIFIER	upstream_gene_variant	transcript	TRANSCRIPT_gene-GU280_gp03	protein_coding	-1	c.-4810T>C	.	-1	-1	-1	-1	-1	-1	4810	upstream_gene_variant	NONE	c.-4810T>C	.	-1
NC_045512.2	20724	AG	A	ORF1ab	gene-GU280_gp01	HIGH	frameshift_variant&stop_lost	transcript	TRANSCRIPT_gene-GU280_gp01	protein_coding	1	c.20460delG	p.Ser6822fs	20460	21290	20460	21290	6820	7095	0	frameshift_variant&stop_lost	NONE	c.20460delG	p.Ser6822fs	7095
NC_045512.2	20724	AG	A	S	gene-GU280_gp02	MODIFIER	upstream_gene_variant	transcript	TRANSCRIPT_gene-GU280_gp02	protein_coding	-1	c.-838delG	.	-1	-1	-1	-1	-1	-1	838	upstream_gene_variant	NONE	c.-838delG	.	-1
NC_045512.2	20724	AG	A	ORF3a	gene-GU280_gp03	MODIFIER	upstream_gene_variant	transcript	TRANSCRIPT_gene-GU280_gp03	protein_coding	-1	c.-4668delG	.	-1	-1	-1	-1	-1	-1	4668	upstream_gene_variant	NONE	c.-4668delG	.	-1
NC_045512.2	20734	G	C	ORF1ab	gene-GU280_gp01	LOW	synonymous_variant	transcript	TRANSCRIPT_gene-GU280_gp01	protein_coding	1	c.20469G>C	p.Val6823Val	20469	21290	20469	21290	6823	7095	0	synonymous_variant	NONE	c.20469G>C	p.Val6823Val	7095
NC_045512.2	20734	G	C	S	gene-GU280_gp02	MODIFIER	upstream_gene_variant	transcript	TRANSCRIPT_gene-GU280_gp02	protein_coding	-1	c.-829G>C	.	-1	-1	-1	-1	-1	-1	829	upstream_gene_variant	NONE	c.-829G>C	.	-1
NC_045512.2	20734	G	C	ORF3a	gene-GU280_gp03	MODIFIER	upstream_gene_variant	transcript	TRANSCRIPT_gene-GU280_gp03	protein_coding	-1	c.-4659G>C	.	-1	-1	-1	-1	-1	-1	4659	upstream_gene_variant	NONE	c.-4659G>C	.	-1
NC_045512.2	20775	CATA	C	ORF1ab	gene-GU280_gp01	MODERATE	disruptive_inframe_deletion	transcript	TRANSCRIPT_gene-GU280_gp01	protein_coding	1	c.20513_20515delAAT	p.Ter6839del	20513	21290	20513	21290	6838	7095	0	disruptive_inframe_deletion	NONE	c.20513_20515delAAT	p.Ter6839del	7095
NC_045512.2	20775	CATA	C	S	gene-GU280_gp02	MODIFIER	upstream_gene_variant	transcript	TRANSCRIPT_gene-GU280_gp02	protein_coding	-1	c.-787_-785delATA	.	-1	-1	-1	-1	-1	-1	787	upstream_gene_variant	NONE	c.-787_-785delATA	.	-1
NC_045512.2	20775	CATA	C	ORF3a	gene-GU280_gp03	MODIFIER	upstream_gene_variant	transcript	TRANSCRIPT_gene-GU280_gp03	protein_coding	-1	c.-4617_-4615delATA	.	-1	-1	-1	-1	-1	-1	4617	upstream_gene_variant	NONE	c.-4617_-4615delATA	.	-1
NC_045512.2	20792	CA	C	ORF1ab	gene-GU280_gp01	HIGH	frameshift_variant	transcript	TRANSCRIPT_gene-GU280_gp01	protein_coding	1	c.20531delA	p.Asn6844fs	20531	21290	20531	21290	6844	7095	0	frameshift_variant	NONE	c.20531delA	p.Asn6844fs	7095
NC_045512.2	20792	CA	C	S	gene-GU280_gp02	MODIFIER	upstream_gene_variant	transcript	TRANSCRIPT_gene-GU280_gp02	protein_coding	-1	c.-770delA	.	-1	-1	-1	-1	-1	-1	770	upstream_gene_variant	NONE	c.-770delA	.	-1
NC_045512.2	20792	CA	C	ORF3a	gene-GU280_gp03	MODIFIER	upstream_gene_variant	transcript	TRANSCRIPT_gene-GU280_gp03	protein_coding	-1	c.-4600delA	.	-1	-1	-1	-1	-1	-1	4600	upstream_gene_variant	NONE	c.-4600delA	.	-1
NC_045512.2	20795	A	T	ORF1ab	gene-GU280_gp01	MODERATE	missense_variant	transcript	TRANSCRIPT_gene-GU280_gp01	protein_coding	1	c.20530A>T	p.Asn6844Tyr	20530	21290	20530	21290	6844	7095	0	missense_variant	NONE	c.20530A>T	p.Asn6844Tyr	7095
NC_045512.2	20795	A	T	S	gene-GU280_gp02	MODIFIER	upstream_gene_variant	transcript	TRANSCRIPT_gene-GU280_gp02	protein_coding	-1	c.-768A>T	.	-1	-1	-1	-1	-1	-1	768	upstream_gene_variant	NONE	c.-768A>T	.	-1
NC_045512.2	20795	A	T	ORF3a	gene-GU280_gp03	MODIFIER	upstream_gene_variant	transcript	TRANSCRIPT_gene-GU280_gp03	protein_coding	-1	c.-4598A>T	.	-1	-1	-1	-1	-1	-1	4598	upstream_gene_variant	NONE	c.-4598A>T	.	-1
NC_045512.2	20806	C	T	ORF1ab	gene-GU280_gp01	LOW	synonymous_variant	transcript	TRANSCRIPT_gene-GU280_gp01	protein_coding	1	c.20541C>T	p.Asn6847Asn	20541	21290	20541	21290	6847	7095	0	synonymous_variant	NONE	c.20541C>T	p.Asn6847Asn	7095
NC_045512.2	20806	C	T	S	gene-GU280_gp02	MODIFIER	upstream_gene_variant	transcript	TRANSCRIPT_gene-GU280_gp02	protein_coding	-1	c.-757C>T	.	-1	-1	-1	-1	-1	-1	757	upstream_gene_variant	NONE	c.-757C>T	.	-1
NC_045512.2	20806	C	T	ORF3a	gene-GU280_gp03	MODIFIER	upstream_gene_variant	transcript	TRANSCRIPT_gene-GU280_gp03	protein_coding	-1	c.-4587C>T	.	-1	-1	-1	-1	-1	-1	4587	upstream_gene_variant	NONE	c.-4587C>T	.	-1
NC_045512.2	20812	C	T	ORF1ab	gene-GU280_gp01	LOW	synonymous_variant	transcript	TRANSCRIPT_gene-GU280_gp01	protein_coding	1	c.20547C>T	p.Val6849Val	20547	21290	20547	21290	6849	7095	0	synonymous_variant	NONE	c.20547C>T	p.Val6849Val	7095
NC_045512.2	20812	C	T	S	gene-GU280_gp02	MODIFIER	upstream_gene_variant	transcript	TRANSCRIPT_gene-GU280_gp02	protein_coding	-1	c.-751C>T	.	-1	-1	-1	-1	-1	-1	751	upstream_gene_variant	NONE	c.-751C>T	.	-1
NC_045512.2	20812	C	T	ORF3a	gene-GU280_gp03	MODIFIER	upstream_gene_variant	transcript	TRANSCRIPT_gene-GU280_gp03	protein_coding	-1	c.-4581C>T	.	-1	-1	-1	-1	-1	-1	4581	upstream_gene_variant	NONE	c.-4581C>T	.	-1
NC_045512.2	20962	GA	G	ORF1ab	gene-GU280_gp01	HIGH	frameshift_variant	transcript	TRANSCRIPT_gene-GU280_gp01	protein_coding	1	c.20698delA	p.Thr6900fs	20698	21290	20698	21290	6900	7095	0	frameshift_variant	NONE	c.20698delA	p.Thr6900fs	7095
NC_045512.2	20962	GA	G	S	gene-GU280_gp02	MODIFIER	upstream_gene_variant	transcript	TRANSCRIPT_gene-GU280_gp02	protein_coding	-1	c.-600delA	.	-1	-1	-1	-1	-1	-1	600	upstream_gene_variant	NONE	c.-600delA	.	-1
NC_045512.2	20962	GA	G	ORF3a	gene-GU280_gp03	MODIFIER	upstream_gene_variant	transcript	TRANSCRIPT_gene-GU280_gp03	protein_coding	-1	c.-4430delA	.	-1	-1	-1	-1	-1	-1	4430	upstream_gene_variant	NONE	c.-4430delA	.	-1
NC_045512.2	21082	GA	G	ORF1ab	gene-GU280_gp01	HIGH	frameshift_variant	transcript	TRANSCRIPT_gene-GU280_gp01	protein_coding	1	c.20821delA	p.Met6941fs	20821	21290	20821	21290	6941	7095	0	frameshift_variant	NONE	c.20821delA	p.Met6941fs	7095
NC_045512.2	21082	GA	G	S	gene-GU280_gp02	MODIFIER	upstream_gene_variant	transcript	TRANSCRIPT_gene-GU280_gp02	protein_coding	-1	c.-480delA	.	-1	-1	-1	-1	-1	-1	480	upstream_gene_variant	NONE	c.-480delA	.	-1
NC_045512.2	21082	GA	G	ORF3a	gene-GU280_gp03	MODIFIER	upstream_gene_variant	transcript	TRANSCRIPT_gene-GU280_gp03	protein_coding	-1	c.-4310delA	.	-1	-1	-1	-1	-1	-1	4310	upstream_gene_variant	NONE	c.-4310delA	.	-1
NC_045512.2	21133	CA	C	ORF1ab	gene-GU280_gp01	HIGH	frameshift_variant	transcript	TRANSCRIPT_gene-GU280_gp01	protein_coding	1	c.20872delA	p.Ser6958fs	20872	21290	20872	21290	6958	7095	0	frameshift_variant	NONE	c.20872delA	p.Ser6958fs	7095
NC_045512.2	21133	CA	C	S	gene-GU280_gp02	MODIFIER	upstream_gene_variant	transcript	TRANSCRIPT_gene-GU280_gp02	protein_coding	-1	c.-429delA	.	-1	-1	-1	-1	-1	-1	429	upstream_gene_variant	NONE	c.-429delA	.	-1
NC_045512.2	21133	CA	C	ORF3a	gene-GU280_gp03	MODIFIER	upstream_gene_variant	transcript	TRANSCRIPT_gene-GU280_gp03	protein_coding	-1	c.-4259delA	.	-1	-1	-1	-1	-1	-1	4259	upstream_gene_variant	NONE	c.-4259delA	.	-1
NC_045512.2	21304	C	T	ORF1ab	gene-GU280_gp01	LOW	synonymous_variant	transcript	TRANSCRIPT_gene-GU280_gp01	protein_coding	1	c.21039C>T	p.His7013His	21039	21290	21039	21290	7013	7095	0	synonymous_variant	NONE	c.21039C>T	p.His7013His	7095
NC_045512.2	21304	C	T	S	gene-GU280_gp02	MODIFIER	upstream_gene_variant	transcript	TRANSCRIPT_gene-GU280_gp02	protein_coding	-1	c.-259C>T	.	-1	-1	-1	-1	-1	-1	259	upstream_gene_variant	NONE	c.-259C>T	.	-1
NC_045512.2	21304	C	T	ORF3a	gene-GU280_gp03	MODIFIER	upstream_gene_variant	transcript	TRANSCRIPT_gene-GU280_gp03	protein_coding	-1	c.-4089C>T	.	-1	-1	-1	-1	-1	-1	4089	upstream_gene_variant	NONE	c.-4089C>T	.	-1
NC_045512.2	21304	C	T	E	gene-GU280_gp04	MODIFIER	upstream_gene_variant	transcript	TRANSCRIPT_gene-GU280_gp04	protein_coding	-1	c.-4941C>T	.	-1	-1	-1	-1	-1	-1	4941	upstream_gene_variant	NONE	c.-4941C>T	.	-1
NC_045512.2	21329	TG	T	ORF1ab	gene-GU280_gp01	HIGH	frameshift_variant	transcript	TRANSCRIPT_gene-GU280_gp01	protein_coding	1	c.21065delG	p.Cys7022fs	21065	21290	21065	21290	7022	7095	0	frameshift_variant	NONE	c.21065delG	p.Cys7022fs	7095
NC_045512.2	21329	TG	T	S	gene-GU280_gp02	MODIFIER	upstream_gene_variant	transcript	TRANSCRIPT_gene-GU280_gp02	protein_coding	-1	c.-233delG	.	-1	-1	-1	-1	-1	-1	233	upstream_gene_variant	NONE	c.-233delG	.	-1
NC_045512.2	21329	TG	T	ORF3a	gene-GU280_gp03	MODIFIER	upstream_gene_variant	transcript	TRANSCRIPT_gene-GU280_gp03	protein_coding	-1	c.-4063delG	.	-1	-1	-1	-1	-1	-1	4063	upstream_gene_variant	NONE	c.-4063delG	.	-1
NC_045512.2	21329	TG	T	E	gene-GU280_gp04	MODIFIER	upstream_gene_variant	transcript	TRANSCRIPT_gene-GU280_gp04	protein_coding	-1	c.-4915delG	.	-1	-1	-1	-1	-1	-1	4915	upstream_gene_variant	NONE	c.-4915delG	.	-1
NC_045512.2	21335	CA	C	ORF1ab	gene-GU280_gp01	HIGH	frameshift_variant	transcript	TRANSCRIPT_gene-GU280_gp01	protein_coding	1	c.21073delA	p.Ile7025fs	21073	21290	21073	21290	7025	7095	0	frameshift_variant	NONE	c.21073delA	p.Ile7025fs	7095
NC_045512.2	21335	CA	C	S	gene-GU280_gp02	MODIFIER	upstream_gene_variant	transcript	TRANSCRIPT_gene-GU280_gp02	protein_coding	-1	c.-227delA	.	-1	-1	-1	-1	-1	-1	227	upstream_gene_variant	NONE	c.-227delA	.	-1
NC_045512.2	21335	CA	C	ORF3a	gene-GU280_gp03	MODIFIER	upstream_gene_variant	transcript	TRANSCRIPT_gene-GU280_gp03	protein_coding	-1	c.-4057delA	.	-1	-1	-1	-1	-1	-1	4057	upstream_gene_variant	NONE	c.-4057delA	.	-1
NC_045512.2	21335	CA	C	E	gene-GU280_gp04	MODIFIER	upstream_gene_variant	transcript	TRANSCRIPT_gene-GU280_gp04	protein_coding	-1	c.-4909delA	.	-1	-1	-1	-1	-1	-1	4909	upstream_gene_variant	NONE	c.-4909delA	.	-1
NC_045512.2	21383	A	T	ORF1ab	gene-GU280_gp01	MODERATE	missense_variant	transcript	TRANSCRIPT_gene-GU280_gp01	protein_coding	1	c.21118A>T	p.Ile7040Phe	21118	21290	21118	21290	7040	7095	0	missense_variant	NONE	c.21118A>T	p.Ile7040Phe	7095
NC_045512.2	21383	A	T	S	gene-GU280_gp02	MODIFIER	upstream_gene_variant	transcript	TRANSCRIPT_gene-GU280_gp02	protein_coding	-1	c.-180A>T	.	-1	-1	-1	-1	-1	-1	180	upstream_gene_variant	NONE	c.-180A>T	.	-1
NC_045512.2	21383	A	T	ORF3a	gene-GU280_gp03	MODIFIER	upstream_gene_variant	transcript	TRANSCRIPT_gene-GU280_gp03	protein_coding	-1	c.-4010A>T	.	-1	-1	-1	-1	-1	-1	4010	upstream_gene_variant	NONE	c.-4010A>T	.	-1
NC_045512.2	21383	A	T	E	gene-GU280_gp04	MODIFIER	upstream_gene_variant	transcript	TRANSCRIPT_gene-GU280_gp04	protein_coding	-1	c.-4862A>T	.	-1	-1	-1	-1	-1	-1	4862	upstream_gene_variant	NONE	c.-4862A>T	.	-1
NC_045512.2	21387	T	C	ORF1ab	gene-GU280_gp01	MODERATE	missense_variant	transcript	TRANSCRIPT_gene-GU280_gp01	protein_coding	1	c.21122T>C	p.Leu7041Pro	21122	21290	21122	21290	7041	7095	0	missense_variant	NONE	c.21122T>C	p.Leu7041Pro	7095
NC_045512.2	21387	T	C	S	gene-GU280_gp02	MODIFIER	upstream_gene_variant	transcript	TRANSCRIPT_gene-GU280_gp02	protein_coding	-1	c.-176T>C	.	-1	-1	-1	-1	-1	-1	176	upstream_gene_variant	NONE	c.-176T>C	.	-1
NC_045512.2	21387	T	C	ORF3a	gene-GU280_gp03	MODIFIER	upstream_gene_variant	transcript	TRANSCRIPT_gene-GU280_gp03	protein_coding	-1	c.-4006T>C	.	-1	-1	-1	-1	-1	-1	4006	upstream_gene_variant	NONE	c.-4006T>C	.	-1
NC_045512.2	21387	T	C	E	gene-GU280_gp04	MODIFIER	upstream_gene_variant	transcript	TRANSCRIPT_gene-GU280_gp04	protein_coding	-1	c.-4858T>C	.	-1	-1	-1	-1	-1	-1	4858	upstream_gene_variant	NONE	c.-4858T>C	.	-1
NC_045512.2	21403	A	T	ORF1ab	gene-GU280_gp01	LOW	synonymous_variant	transcript	TRANSCRIPT_gene-GU280_gp01	protein_coding	1	c.21138A>T	p.Val7046Val	21138	21290	21138	21290	7046	7095	0	synonymous_variant	NONE	c.21138A>T	p.Val7046Val	7095
NC_045512.2	21403	A	T	S	gene-GU280_gp02	MODIFIER	upstream_gene_variant	transcript	TRANSCRIPT_gene-GU280_gp02	protein_coding	-1	c.-160A>T	.	-1	-1	-1	-1	-1	-1	160	upstream_gene_variant	NONE	c.-160A>T	.	-1
NC_045512.2	21403	A	T	ORF3a	gene-GU280_gp03	MODIFIER	upstream_gene_variant	transcript	TRANSCRIPT_gene-GU280_gp03	protein_coding	-1	c.-3990A>T	.	-1	-1	-1	-1	-1	-1	3990	upstream_gene_variant	NONE	c.-3990A>T	.	-1
NC_045512.2	21403	A	T	E	gene-GU280_gp04	MODIFIER	upstream_gene_variant	transcript	TRANSCRIPT_gene-GU280_gp04	protein_coding	-1	c.-4842A>T	.	-1	-1	-1	-1	-1	-1	4842	upstream_gene_variant	NONE	c.-4842A>T	.	-1
NC_045512.2	21758	C	T	S	gene-GU280_gp02	MODERATE	missense_variant	transcript	TRANSCRIPT_gene-GU280_gp02	protein_coding	1	c.196C>T	p.His66Tyr	196	3822	196	3822	66	1273	0	missense_variant	NONE	c.196C>T	p.His66Tyr	1273
NC_045512.2	21758	C	T	ORF3a	gene-GU280_gp03	MODIFIER	upstream_gene_variant	transcript	TRANSCRIPT_gene-GU280_gp03	protein_coding	-1	c.-3635C>T	.	-1	-1	-1	-1	-1	-1	3635	upstream_gene_variant	NONE	c.-3635C>T	.	-1
NC_045512.2	21758	C	T	E	gene-GU280_gp04	MODIFIER	upstream_gene_variant	transcript	TRANSCRIPT_gene-GU280_gp04	protein_coding	-1	c.-4487C>T	.	-1	-1	-1	-1	-1	-1	4487	upstream_gene_variant	NONE	c.-4487C>T	.	-1
NC_045512.2	21758	C	T	M	gene-GU280_gp05	MODIFIER	upstream_gene_variant	transcript	TRANSCRIPT_gene-GU280_gp05	protein_coding	-1	c.-4765C>T	.	-1	-1	-1	-1	-1	-1	4765	upstream_gene_variant	NONE	c.-4765C>T	.	-1
NC_045512.2	21758	C	T	ORF1ab	gene-GU280_gp01	MODIFIER	downstream_gene_variant	transcript	TRANSCRIPT_gene-GU280_gp01	protein_coding	-1	c.*203C>T	.	-1	-1	-1	-1	-1	-1	203	downstream_gene_variant	NONE	c.*203C>T	.	-1
NC_045512.2	21847	T	C	S	gene-GU280_gp02	LOW	synonymous_variant	transcript	TRANSCRIPT_gene-GU280_gp02	protein_coding	1	c.285T>C	p.Thr95Thr	285	3822	285	3822	95	1273	0	synonymous_variant	NONE	c.285T>C	p.Thr95Thr	1273
NC_045512.2	21847	T	C	ORF3a	gene-GU280_gp03	MODIFIER	upstream_gene_variant	transcript	TRANSCRIPT_gene-GU280_gp03	protein_coding	-1	c.-3546T>C	.	-1	-1	-1	-1	-1	-1	3546	upstream_gene_variant	NONE	c.-3546T>C	.	-1
NC_045512.2	21847	T	C	E	gene-GU280_gp04	MODIFIER	upstream_gene_variant	transcript	TRANSCRIPT_gene-GU280_gp04	protein_coding	-1	c.-4398T>C	.	-1	-1	-1	-1	-1	-1	4398	upstream_gene_variant	NONE	c.-4398T>C	.	-1
NC_045512.2	21847	T	C	M	gene-GU280_gp05	MODIFIER	upstream_gene_variant	transcript	TRANSCRIPT_gene-GU280_gp05	protein_coding	-1	c.-4676T>C	.	-1	-1	-1	-1	-1	-1	4676	upstream_gene_variant	NONE	c.-4676T>C	.	-1
NC_045512.2	21847	T	C	ORF1ab	gene-GU280_gp01	MODIFIER	downstream_gene_variant	transcript	TRANSCRIPT_gene-GU280_gp01	protein_coding	-1	c.*292T>C	.	-1	-1	-1	-1	-1	-1	292	downstream_gene_variant	NONE	c.*292T>C	.	-1
NC_045512.2	21911	C	T	S	gene-GU280_gp02	LOW	synonymous_variant	transcript	TRANSCRIPT_gene-GU280_gp02	protein_coding	1	c.349C>T	p.Leu117Leu	349	3822	349	3822	117	1273	0	synonymous_variant	NONE	c.349C>T	p.Leu117Leu	1273
NC_045512.2	21911	C	T	ORF3a	gene-GU280_gp03	MODIFIER	upstream_gene_variant	transcript	TRANSCRIPT_gene-GU280_gp03	protein_coding	-1	c.-3482C>T	.	-1	-1	-1	-1	-1	-1	3482	upstream_gene_variant	NONE	c.-3482C>T	.	-1
NC_045512.2	21911	C	T	E	gene-GU280_gp04	MODIFIER	upstream_gene_variant	transcript	TRANSCRIPT_gene-GU280_gp04	protein_coding	-1	c.-4334C>T	.	-1	-1	-1	-1	-1	-1	4334	upstream_gene_variant	NONE	c.-4334C>T	.	-1
NC_045512.2	21911	C	T	M	gene-GU280_gp05	MODIFIER	upstream_gene_variant	transcript	TRANSCRIPT_gene-GU280_gp05	protein_coding	-1	c.-4612C>T	.	-1	-1	-1	-1	-1	-1	4612	upstream_gene_variant	NONE	c.-4612C>T	.	-1
NC_045512.2	21911	C	T	ORF1ab	gene-GU280_gp01	MODIFIER	downstream_gene_variant	transcript	TRANSCRIPT_gene-GU280_gp01	protein_coding	-1	c.*356C>T	.	-1	-1	-1	-1	-1	-1	356	downstream_gene_variant	NONE	c.*356C>T	.	-1
NC_045512.2	21946	TA	T	S	gene-GU280_gp02	HIGH	frameshift_variant	transcript	TRANSCRIPT_gene-GU280_gp02	protein_coding	1	c.387delA	p.Val130fs	387	3822	387	3822	129	1273	0	frameshift_variant	NONE	c.387delA	p.Val130fs	1273
NC_045512.2	21946	TA	T	ORF3a	gene-GU280_gp03	MODIFIER	upstream_gene_variant	transcript	TRANSCRIPT_gene-GU280_gp03	protein_coding	-1	c.-3446delA	.	-1	-1	-1	-1	-1	-1	3446	upstream_gene_variant	NONE	c.-3446delA	.	-1
NC_045512.2	21946	TA	T	E	gene-GU280_gp04	MODIFIER	upstream_gene_variant	transcript	TRANSCRIPT_gene-GU280_gp04	protein_coding	-1	c.-4298delA	.	-1	-1	-1	-1	-1	-1	4298	upstream_gene_variant	NONE	c.-4298delA	.	-1
NC_045512.2	21946	TA	T	M	gene-GU280_gp05	MODIFIER	upstream_gene_variant	transcript	TRANSCRIPT_gene-GU280_gp05	protein_coding	-1	c.-4576delA	.	-1	-1	-1	-1	-1	-1	4576	upstream_gene_variant	NONE	c.-4576delA	.	-1
NC_045512.2	21946	TA	T	ORF1ab	gene-GU280_gp01	MODIFIER	downstream_gene_variant	transcript	TRANSCRIPT_gene-GU280_gp01	protein_coding	-1	c.*392delA	.	-1	-1	-1	-1	-1	-1	392	downstream_gene_variant	NONE	c.*392delA	.	-1
NC_045512.2	21970	TAA	T	S	gene-GU280_gp02	HIGH	frameshift_variant	transcript	TRANSCRIPT_gene-GU280_gp02	protein_coding	1	c.409_410delAA	p.Asn137fs	409	3822	409	3822	137	1273	0	frameshift_variant	NONE	c.409_410delAA	p.Asn137fs	1273
NC_045512.2	21970	TAA	T	ORF3a	gene-GU280_gp03	MODIFIER	upstream_gene_variant	transcript	TRANSCRIPT_gene-GU280_gp03	protein_coding	-1	c.-3422_-3421delAA	.	-1	-1	-1	-1	-1	-1	3422	upstream_gene_variant	NONE	c.-3422_-3421delAA	.	-1
NC_045512.2	21970	TAA	T	E	gene-GU280_gp04	MODIFIER	upstream_gene_variant	transcript	TRANSCRIPT_gene-GU280_gp04	protein_coding	-1	c.-4274_-4273delAA	.	-1	-1	-1	-1	-1	-1	4274	upstream_gene_variant	NONE	c.-4274_-4273delAA	.	-1
NC_045512.2	21970	TAA	T	M	gene-GU280_gp05	MODIFIER	upstream_gene_variant	transcript	TRANSCRIPT_gene-GU280_gp05	protein_coding	-1	c.-4552_-4551delAA	.	-1	-1	-1	-1	-1	-1	4552	upstream_gene_variant	NONE	c.-4552_-4551delAA	.	-1
NC_045512.2	21970	TAA	T	ORF1ab	gene-GU280_gp01	MODIFIER	downstream_gene_variant	transcript	TRANSCRIPT_gene-GU280_gp01	protein_coding	-1	c.*416_*417delAA	.	-1	-1	-1	-1	-1	-1	416	downstream_gene_variant	NONE	c.*416_*417delAA	.	-1
NC_045512.2	21999	AC	A	S	gene-GU280_gp02	HIGH	frameshift_variant	transcript	TRANSCRIPT_gene-GU280_gp02	protein_coding	1	c.438delC	p.His146fs	438	3822	438	3822	146	1273	0	frameshift_variant	NONE	c.438delC	p.His146fs	1273
NC_045512.2	21999	AC	A	ORF3a	gene-GU280_gp03	MODIFIER	upstream_gene_variant	transcript	TRANSCRIPT_gene-GU280_gp03	protein_coding	-1	c.-3393delC	.	-1	-1	-1	-1	-1	-1	3393	upstream_gene_variant	NONE	c.-3393delC	.	-1
NC_045512.2	21999	AC	A	E	gene-GU280_gp04	MODIFIER	upstream_gene_variant	transcript	TRANSCRIPT_gene-GU280_gp04	protein_coding	-1	c.-4245delC	.	-1	-1	-1	-1	-1	-1	4245	upstream_gene_variant	NONE	c.-4245delC	.	-1
NC_045512.2	21999	AC	A	M	gene-GU280_gp05	MODIFIER	upstream_gene_variant	transcript	TRANSCRIPT_gene-GU280_gp05	protein_coding	-1	c.-4523delC	.	-1	-1	-1	-1	-1	-1	4523	upstream_gene_variant	NONE	c.-4523delC	.	-1
NC_045512.2	21999	AC	A	ORF1ab	gene-GU280_gp01	MODIFIER	downstream_gene_variant	transcript	TRANSCRIPT_gene-GU280_gp01	protein_coding	-1	c.*445delC	.	-1	-1	-1	-1	-1	-1	445	downstream_gene_variant	NONE	c.*445delC	.	-1
NC_045512.2	22000	CA	C	S	gene-GU280_gp02	HIGH	frameshift_variant	transcript	TRANSCRIPT_gene-GU280_gp02	protein_coding	1	c.443delA	p.Asn148fs	443	3822	443	3822	148	1273	0	frameshift_variant	NONE	c.443delA	p.Asn148fs	1273
NC_045512.2	22000	CA	C	ORF3a	gene-GU280_gp03	MODIFIER	upstream_gene_variant	transcript	TRANSCRIPT_gene-GU280_gp03	protein_coding	-1	c.-3392delA	.	-1	-1	-1	-1	-1	-1	3392	upstream_gene_variant	NONE	c.-3392delA	.	-1
NC_045512.2	22000	CA	C	E	gene-GU280_gp04	MODIFIER	upstream_gene_variant	transcript	TRANSCRIPT_gene-GU280_gp04	protein_coding	-1	c.-4244delA	.	-1	-1	-1	-1	-1	-1	4244	upstream_gene_variant	NONE	c.-4244delA	.	-1
NC_045512.2	22000	CA	C	M	gene-GU280_gp05	MODIFIER	upstream_gene_variant	transcript	TRANSCRIPT_gene-GU280_gp05	protein_coding	-1	c.-4522delA	.	-1	-1	-1	-1	-1	-1	4522	upstream_gene_variant	NONE	c.-4522delA	.	-1
NC_045512.2	22000	CA	C	ORF1ab	gene-GU280_gp01	MODIFIER	downstream_gene_variant	transcript	TRANSCRIPT_gene-GU280_gp01	protein_coding	-1	c.*446delA	.	-1	-1	-1	-1	-1	-1	446	downstream_gene_variant	NONE	c.*446delA	.	-1
NC_045512.2	22012	A	G	S	gene-GU280_gp02	LOW	synonymous_variant	transcript	TRANSCRIPT_gene-GU280_gp02	protein_coding	1	c.450A>G	p.Lys150Lys	450	3822	450	3822	150	1273	0	synonymous_variant	NONE	c.450A>G	p.Lys150Lys	1273
NC_045512.2	22012	A	G	ORF3a	gene-GU280_gp03	MODIFIER	upstream_gene_variant	transcript	TRANSCRIPT_gene-GU280_gp03	protein_coding	-1	c.-3381A>G	.	-1	-1	-1	-1	-1	-1	3381	upstream_gene_variant	NONE	c.-3381A>G	.	-1
NC_045512.2	22012	A	G	E	gene-GU280_gp04	MODIFIER	upstream_gene_variant	transcript	TRANSCRIPT_gene-GU280_gp04	protein_coding	-1	c.-4233A>G	.	-1	-1	-1	-1	-1	-1	4233	upstream_gene_variant	NONE	c.-4233A>G	.	-1
NC_045512.2	22012	A	G	M	gene-GU280_gp05	MODIFIER	upstream_gene_variant	transcript	TRANSCRIPT_gene-GU280_gp05	protein_coding	-1	c.-4511A>G	.	-1	-1	-1	-1	-1	-1	4511	upstream_gene_variant	NONE	c.-4511A>G	.	-1
NC_045512.2	22012	A	G	ORF1ab	gene-GU280_gp01	MODIFIER	downstream_gene_variant	transcript	TRANSCRIPT_gene-GU280_gp01	protein_coding	-1	c.*457A>G	.	-1	-1	-1	-1	-1	-1	457	downstream_gene_variant	NONE	c.*457A>G	.	-1
NC_045512.2	22016	TGG	T	S	gene-GU280_gp02	HIGH	frameshift_variant	transcript	TRANSCRIPT_gene-GU280_gp02	protein_coding	1	c.455_456delGG	p.Trp152fs	455	3822	455	3822	152	1273	0	frameshift_variant	NONE	c.455_456delGG	p.Trp152fs	1273
NC_045512.2	22016	TGG	T	ORF3a	gene-GU280_gp03	MODIFIER	upstream_gene_variant	transcript	TRANSCRIPT_gene-GU280_gp03	protein_coding	-1	c.-3376_-3375delGG	.	-1	-1	-1	-1	-1	-1	3376	upstream_gene_variant	NONE	c.-3376_-3375delGG	.	-1
NC_045512.2	22016	TGG	T	E	gene-GU280_gp04	MODIFIER	upstream_gene_variant	transcript	TRANSCRIPT_gene-GU280_gp04	protein_coding	-1	c.-4228_-4227delGG	.	-1	-1	-1	-1	-1	-1	4228	upstream_gene_variant	NONE	c.-4228_-4227delGG	.	-1
NC_045512.2	22016	TGG	T	M	gene-GU280_gp05	MODIFIER	upstream_gene_variant	transcript	TRANSCRIPT_gene-GU280_gp05	protein_coding	-1	c.-4506_-4505delGG	.	-1	-1	-1	-1	-1	-1	4506	upstream_gene_variant	NONE	c.-4506_-4505delGG	.	-1
NC_045512.2	22016	TGG	T	ORF1ab	gene-GU280_gp01	MODIFIER	downstream_gene_variant	transcript	TRANSCRIPT_gene-GU280_gp01	protein_coding	-1	c.*462_*463delGG	.	-1	-1	-1	-1	-1	-1	462	downstream_gene_variant	NONE	c.*462_*463delGG	.	-1
NC_045512.2	22048	TG	T	S	gene-GU280_gp02	HIGH	frameshift_variant	transcript	TRANSCRIPT_gene-GU280_gp02	protein_coding	1	c.487delG	p.Ala163fs	487	3822	487	3822	163	1273	0	frameshift_variant	NONE	c.487delG	p.Ala163fs	1273
NC_045512.2	22048	TG	T	ORF3a	gene-GU280_gp03	MODIFIER	upstream_gene_variant	transcript	TRANSCRIPT_gene-GU280_gp03	protein_coding	-1	c.-3344delG	.	-1	-1	-1	-1	-1	-1	3344	upstream_gene_variant	NONE	c.-3344delG	.	-1
NC_045512.2	22048	TG	T	E	gene-GU280_gp04	MODIFIER	upstream_gene_variant	transcript	TRANSCRIPT_gene-GU280_gp04	protein_coding	-1	c.-4196delG	.	-1	-1	-1	-1	-1	-1	4196	upstream_gene_variant	NONE	c.-4196delG	.	-1
NC_045512.2	22048	TG	T	M	gene-GU280_gp05	MODIFIER	upstream_gene_variant	transcript	TRANSCRIPT_gene-GU280_gp05	protein_coding	-1	c.-4474delG	.	-1	-1	-1	-1	-1	-1	4474	upstream_gene_variant	NONE	c.-4474delG	.	-1
NC_045512.2	22048	TG	T	ORF1ab	gene-GU280_gp01	MODIFIER	downstream_gene_variant	transcript	TRANSCRIPT_gene-GU280_gp01	protein_coding	-1	c.*494delG	.	-1	-1	-1	-1	-1	-1	494	downstream_gene_variant	NONE	c.*494delG	.	-1
NC_045512.2	22212	C	T	S	gene-GU280_gp02	MODERATE	missense_variant	transcript	TRANSCRIPT_gene-GU280_gp02	protein_coding	1	c.650C>T	p.Pro217Leu	650	3822	650	3822	217	1273	0	missense_variant	NONE	c.650C>T	p.Pro217Leu	1273
NC_045512.2	22212	C	T	ORF3a	gene-GU280_gp03	MODIFIER	upstream_gene_variant	transcript	TRANSCRIPT_gene-GU280_gp03	protein_coding	-1	c.-3181C>T	.	-1	-1	-1	-1	-1	-1	3181	upstream_gene_variant	NONE	c.-3181C>T	.	-1
NC_045512.2	22212	C	T	E	gene-GU280_gp04	MODIFIER	upstream_gene_variant	transcript	TRANSCRIPT_gene-GU280_gp04	protein_coding	-1	c.-4033C>T	.	-1	-1	-1	-1	-1	-1	4033	upstream_gene_variant	NONE	c.-4033C>T	.	-1
NC_045512.2	22212	C	T	M	gene-GU280_gp05	MODIFIER	upstream_gene_variant	transcript	TRANSCRIPT_gene-GU280_gp05	protein_coding	-1	c.-4311C>T	.	-1	-1	-1	-1	-1	-1	4311	upstream_gene_variant	NONE	c.-4311C>T	.	-1
NC_045512.2	22212	C	T	ORF6	gene-GU280_gp06	MODIFIER	upstream_gene_variant	transcript	TRANSCRIPT_gene-GU280_gp06	protein_coding	-1	c.-4990C>T	.	-1	-1	-1	-1	-1	-1	4990	upstream_gene_variant	NONE	c.-4990C>T	.	-1
NC_045512.2	22212	C	T	ORF1ab	gene-GU280_gp01	MODIFIER	downstream_gene_variant	transcript	TRANSCRIPT_gene-GU280_gp01	protein_coding	-1	c.*657C>T	.	-1	-1	-1	-1	-1	-1	657	downstream_gene_variant	NONE	c.*657C>T	.	-1
NC_045512.2	22214	C	T	S	gene-GU280_gp02	HIGH	stop_gained	transcript	TRANSCRIPT_gene-GU280_gp02	protein_coding	1	c.652C>T	p.Gln218*	652	3822	652	3822	218	1273	0	stop_gained	NONE	c.652C>T	p.Gln218*	1273
NC_045512.2	22214	C	T	ORF3a	gene-GU280_gp03	MODIFIER	upstream_gene_variant	transcript	TRANSCRIPT_gene-GU280_gp03	protein_coding	-1	c.-3179C>T	.	-1	-1	-1	-1	-1	-1	3179	upstream_gene_variant	NONE	c.-3179C>T	.	-1
NC_045512.2	22214	C	T	E	gene-GU280_gp04	MODIFIER	upstream_gene_variant	transcript	TRANSCRIPT_gene-GU280_gp04	protein_coding	-1	c.-4031C>T	.	-1	-1	-1	-1	-1	-1	4031	upstream_gene_variant	NONE	c.-4031C>T	.	-1
NC_045512.2	22214	C	T	M	gene-GU280_gp05	MODIFIER	upstream_gene_variant	transcript	TRANSCRIPT_gene-GU280_gp05	protein_coding	-1	c.-4309C>T	.	-1	-1	-1	-1	-1	-1	4309	upstream_gene_variant	NONE	c.-4309C>T	.	-1
NC_045512.2	22214	C	T	ORF6	gene-GU280_gp06	MODIFIER	upstream_gene_variant	transcript	TRANSCRIPT_gene-GU280_gp06	protein_coding	-1	c.-4988C>T	.	-1	-1	-1	-1	-1	-1	4988	upstream_gene_variant	NONE	c.-4988C>T	.	-1
NC_045512.2	22214	C	T	ORF1ab	gene-GU280_gp01	MODIFIER	downstream_gene_variant	transcript	TRANSCRIPT_gene-GU280_gp01	protein_coding	-1	c.*659C>T	.	-1	-1	-1	-1	-1	-1	659	downstream_gene_variant	NONE	c.*659C>T	.	-1
NC_045512.2	22216	G	A	S	gene-GU280_gp02	LOW	synonymous_variant	transcript	TRANSCRIPT_gene-GU280_gp02	protein_coding	1	c.654G>A	p.Gln218Gln	654	3822	654	3822	218	1273	0	synonymous_variant	NONE	c.654G>A	p.Gln218Gln	1273
NC_045512.2	22216	G	A	ORF3a	gene-GU280_gp03	MODIFIER	upstream_gene_variant	transcript	TRANSCRIPT_gene-GU280_gp03	protein_coding	-1	c.-3177G>A	.	-1	-1	-1	-1	-1	-1	3177	upstream_gene_variant	NONE	c.-3177G>A	.	-1
NC_045512.2	22216	G	A	E	gene-GU280_gp04	MODIFIER	upstream_gene_variant	transcript	TRANSCRIPT_gene-GU280_gp04	protein_coding	-1	c.-4029G>A	.	-1	-1	-1	-1	-1	-1	4029	upstream_gene_variant	NONE	c.-4029G>A	.	-1
NC_045512.2	22216	G	A	M	gene-GU280_gp05	MODIFIER	upstream_gene_variant	transcript	TRANSCRIPT_gene-GU280_gp05	protein_coding	-1	c.-4307G>A	.	-1	-1	-1	-1	-1	-1	4307	upstream_gene_variant	NONE	c.-4307G>A	.	-1
NC_045512.2	22216	G	A	ORF6	gene-GU280_gp06	MODIFIER	upstream_gene_variant	transcript	TRANSCRIPT_gene-GU280_gp06	protein_coding	-1	c.-4986G>A	.	-1	-1	-1	-1	-1	-1	4986	upstream_gene_variant	NONE	c.-4986G>A	.	-1
NC_045512.2	22216	G	A	ORF1ab	gene-GU280_gp01	MODIFIER	downstream_gene_variant	transcript	TRANSCRIPT_gene-GU280_gp01	protein_coding	-1	c.*661G>A	.	-1	-1	-1	-1	-1	-1	661	downstream_gene_variant	NONE	c.*661G>A	.	-1
NC_045512.2	22217	G	T	S	gene-GU280_gp02	MODERATE	missense_variant	transcript	TRANSCRIPT_gene-GU280_gp02	protein_coding	1	c.655G>T	p.Gly219Cys	655	3822	655	3822	219	1273	0	missense_variant	NONE	c.655G>T	p.Gly219Cys	1273
NC_045512.2	22217	G	T	ORF3a	gene-GU280_gp03	MODIFIER	upstream_gene_variant	transcript	TRANSCRIPT_gene-GU280_gp03	protein_coding	-1	c.-3176G>T	.	-1	-1	-1	-1	-1	-1	3176	upstream_gene_variant	NONE	c.-3176G>T	.	-1
NC_045512.2	22217	G	T	E	gene-GU280_gp04	MODIFIER	upstream_gene_variant	transcript	TRANSCRIPT_gene-GU280_gp04	protein_coding	-1	c.-4028G>T	.	-1	-1	-1	-1	-1	-1	4028	upstream_gene_variant	NONE	c.-4028G>T	.	-1
NC_045512.2	22217	G	T	M	gene-GU280_gp05	MODIFIER	upstream_gene_variant	transcript	TRANSCRIPT_gene-GU280_gp05	protein_coding	-1	c.-4306G>T	.	-1	-1	-1	-1	-1	-1	4306	upstream_gene_variant	NONE	c.-4306G>T	.	-1
NC_045512.2	22217	G	T	ORF6	gene-GU280_gp06	MODIFIER	upstream_gene_variant	transcript	TRANSCRIPT_gene-GU280_gp06	protein_coding	-1	c.-4985G>T	.	-1	-1	-1	-1	-1	-1	4985	upstream_gene_variant	NONE	c.-4985G>T	.	-1
NC_045512.2	22217	G	T	ORF1ab	gene-GU280_gp01	MODIFIER	downstream_gene_variant	transcript	TRANSCRIPT_gene-GU280_gp01	protein_coding	-1	c.*662G>T	.	-1	-1	-1	-1	-1	-1	662	downstream_gene_variant	NONE	c.*662G>T	.	-1
NC_045512.2	22218	G	T	S	gene-GU280_gp02	MODERATE	missense_variant	transcript	TRANSCRIPT_gene-GU280_gp02	protein_coding	1	c.656G>T	p.Gly219Val	656	3822	656	3822	219	1273	0	missense_variant	NONE	c.656G>T	p.Gly219Val	1273
NC_045512.2	22218	G	T	ORF3a	gene-GU280_gp03	MODIFIER	upstream_gene_variant	transcript	TRANSCRIPT_gene-GU280_gp03	protein_coding	-1	c.-3175G>T	.	-1	-1	-1	-1	-1	-1	3175	upstream_gene_variant	NONE	c.-3175G>T	.	-1
NC_045512.2	22218	G	T	E	gene-GU280_gp04	MODIFIER	upstream_gene_variant	transcript	TRANSCRIPT_gene-GU280_gp04	protein_coding	-1	c.-4027G>T	.	-1	-1	-1	-1	-1	-1	4027	upstream_gene_variant	NONE	c.-4027G>T	.	-1
NC_045512.2	22218	G	T	M	gene-GU280_gp05	MODIFIER	upstream_gene_variant	transcript	TRANSCRIPT_gene-GU280_gp05	protein_coding	-1	c.-4305G>T	.	-1	-1	-1	-1	-1	-1	4305	upstream_gene_variant	NONE	c.-4305G>T	.	-1
NC_045512.2	22218	G	T	ORF6	gene-GU280_gp06	MODIFIER	upstream_gene_variant	transcript	TRANSCRIPT_gene-GU280_gp06	protein_coding	-1	c.-4984G>T	.	-1	-1	-1	-1	-1	-1	4984	upstream_gene_variant	NONE	c.-4984G>T	.	-1
NC_045512.2	22218	G	T	ORF1ab	gene-GU280_gp01	MODIFIER	downstream_gene_variant	transcript	TRANSCRIPT_gene-GU280_gp01	protein_coding	-1	c.*663G>T	.	-1	-1	-1	-1	-1	-1	663	downstream_gene_variant	NONE	c.*663G>T	.	-1
NC_045512.2	22343	G	C	S	gene-GU280_gp02	MODERATE	missense_variant	transcript	TRANSCRIPT_gene-GU280_gp02	protein_coding	1	c.781G>C	p.Gly261Arg	781	3822	781	3822	261	1273	0	missense_variant	NONE	c.781G>C	p.Gly261Arg	1273
NC_045512.2	22343	G	C	ORF3a	gene-GU280_gp03	MODIFIER	upstream_gene_variant	transcript	TRANSCRIPT_gene-GU280_gp03	protein_coding	-1	c.-3050G>C	.	-1	-1	-1	-1	-1	-1	3050	upstream_gene_variant	NONE	c.-3050G>C	.	-1
NC_045512.2	22343	G	C	E	gene-GU280_gp04	MODIFIER	upstream_gene_variant	transcript	TRANSCRIPT_gene-GU280_gp04	protein_coding	-1	c.-3902G>C	.	-1	-1	-1	-1	-1	-1	3902	upstream_gene_variant	NONE	c.-3902G>C	.	-1
NC_045512.2	22343	G	C	M	gene-GU280_gp05	MODIFIER	upstream_gene_variant	transcript	TRANSCRIPT_gene-GU280_gp05	protein_coding	-1	c.-4180G>C	.	-1	-1	-1	-1	-1	-1	4180	upstream_gene_variant	NONE	c.-4180G>C	.	-1
NC_045512.2	22343	G	C	ORF6	gene-GU280_gp06	MODIFIER	upstream_gene_variant	transcript	TRANSCRIPT_gene-GU280_gp06	protein_coding	-1	c.-4859G>C	.	-1	-1	-1	-1	-1	-1	4859	upstream_gene_variant	NONE	c.-4859G>C	.	-1
NC_045512.2	22343	G	C	ORF1ab	gene-GU280_gp01	MODIFIER	downstream_gene_variant	transcript	TRANSCRIPT_gene-GU280_gp01	protein_coding	-1	c.*788G>C	.	-1	-1	-1	-1	-1	-1	788	downstream_gene_variant	NONE	c.*788G>C	.	-1
NC_045512.2	22383	CT	C	S	gene-GU280_gp02	HIGH	frameshift_variant	transcript	TRANSCRIPT_gene-GU280_gp02	protein_coding	1	c.825delT	p.Leu276fs	825	3822	825	3822	275	1273	0	frameshift_variant	NONE	c.825delT	p.Leu276fs	1273
NC_045512.2	22383	CT	C	ORF3a	gene-GU280_gp03	MODIFIER	upstream_gene_variant	transcript	TRANSCRIPT_gene-GU280_gp03	protein_coding	-1	c.-3009delT	.	-1	-1	-1	-1	-1	-1	3009	upstream_gene_variant	NONE	c.-3009delT	.	-1
NC_045512.2	22383	CT	C	E	gene-GU280_gp04	MODIFIER	upstream_gene_variant	transcript	TRANSCRIPT_gene-GU280_gp04	protein_coding	-1	c.-3861delT	.	-1	-1	-1	-1	-1	-1	3861	upstream_gene_variant	NONE	c.-3861delT	.	-1
NC_045512.2	22383	CT	C	M	gene-GU280_gp05	MODIFIER	upstream_gene_variant	transcript	TRANSCRIPT_gene-GU280_gp05	protein_coding	-1	c.-4139delT	.	-1	-1	-1	-1	-1	-1	4139	upstream_gene_variant	NONE	c.-4139delT	.	-1
NC_045512.2	22383	CT	C	ORF6	gene-GU280_gp06	MODIFIER	upstream_gene_variant	transcript	TRANSCRIPT_gene-GU280_gp06	protein_coding	-1	c.-4818delT	.	-1	-1	-1	-1	-1	-1	4818	upstream_gene_variant	NONE	c.-4818delT	.	-1
NC_045512.2	22383	CT	C	ORF1ab	gene-GU280_gp01	MODIFIER	downstream_gene_variant	transcript	TRANSCRIPT_gene-GU280_gp01	protein_coding	-1	c.*829delT	.	-1	-1	-1	-1	-1	-1	829	downstream_gene_variant	NONE	c.*829delT	.	-1
NC_045512.2	22399	T	G	S	gene-GU280_gp02	HIGH	stop_gained	transcript	TRANSCRIPT_gene-GU280_gp02	protein_coding	1	c.837T>G	p.Tyr279*	837	3822	837	3822	279	1273	0	stop_gained	NONE	c.837T>G	p.Tyr279*	1273
NC_045512.2	22399	T	G	ORF3a	gene-GU280_gp03	MODIFIER	upstream_gene_variant	transcript	TRANSCRIPT_gene-GU280_gp03	protein_coding	-1	c.-2994T>G	.	-1	-1	-1	-1	-1	-1	2994	upstream_gene_variant	NONE	c.-2994T>G	.	-1
NC_045512.2	22399	T	G	E	gene-GU280_gp04	MODIFIER	upstream_gene_variant	transcript	TRANSCRIPT_gene-GU280_gp04	protein_coding	-1	c.-3846T>G	.	-1	-1	-1	-1	-1	-1	3846	upstream_gene_variant	NONE	c.-3846T>G	.	-1
NC_045512.2	22399	T	G	M	gene-GU280_gp05	MODIFIER	upstream_gene_variant	transcript	TRANSCRIPT_gene-GU280_gp05	protein_coding	-1	c.-4124T>G	.	-1	-1	-1	-1	-1	-1	4124	upstream_gene_variant	NONE	c.-4124T>G	.	-1
NC_045512.2	22399	T	G	ORF6	gene-GU280_gp06	MODIFIER	upstream_gene_variant	transcript	TRANSCRIPT_gene-GU280_gp06	protein_coding	-1	c.-4803T>G	.	-1	-1	-1	-1	-1	-1	4803	upstream_gene_variant	NONE	c.-4803T>G	.	-1
NC_045512.2	22399	T	G	ORF7a	gene-GU280_gp07	MODIFIER	upstream_gene_variant	transcript	TRANSCRIPT_gene-GU280_gp07	protein_coding	-1	c.-4995T>G	.	-1	-1	-1	-1	-1	-1	4995	upstream_gene_variant	NONE	c.-4995T>G	.	-1
NC_045512.2	22399	T	G	ORF1ab	gene-GU280_gp01	MODIFIER	downstream_gene_variant	transcript	TRANSCRIPT_gene-GU280_gp01	protein_coding	-1	c.*844T>G	.	-1	-1	-1	-1	-1	-1	844	downstream_gene_variant	NONE	c.*844T>G	.	-1
NC_045512.2	22452	C	T	S	gene-GU280_gp02	MODERATE	missense_variant	transcript	TRANSCRIPT_gene-GU280_gp02	protein_coding	1	c.890C>T	p.Ser297Leu	890	3822	890	3822	297	1273	0	missense_variant	NONE	c.890C>T	p.Ser297Leu	1273
NC_045512.2	22452	C	T	ORF3a	gene-GU280_gp03	MODIFIER	upstream_gene_variant	transcript	TRANSCRIPT_gene-GU280_gp03	protein_coding	-1	c.-2941C>T	.	-1	-1	-1	-1	-1	-1	2941	upstream_gene_variant	NONE	c.-2941C>T	.	-1
NC_045512.2	22452	C	T	E	gene-GU280_gp04	MODIFIER	upstream_gene_variant	transcript	TRANSCRIPT_gene-GU280_gp04	protein_coding	-1	c.-3793C>T	.	-1	-1	-1	-1	-1	-1	3793	upstream_gene_variant	NONE	c.-3793C>T	.	-1
NC_045512.2	22452	C	T	M	gene-GU280_gp05	MODIFIER	upstream_gene_variant	transcript	TRANSCRIPT_gene-GU280_gp05	protein_coding	-1	c.-4071C>T	.	-1	-1	-1	-1	-1	-1	4071	upstream_gene_variant	NONE	c.-4071C>T	.	-1
NC_045512.2	22452	C	T	ORF6	gene-GU280_gp06	MODIFIER	upstream_gene_variant	transcript	TRANSCRIPT_gene-GU280_gp06	protein_coding	-1	c.-4750C>T	.	-1	-1	-1	-1	-1	-1	4750	upstream_gene_variant	NONE	c.-4750C>T	.	-1
NC_045512.2	22452	C	T	ORF7a	gene-GU280_gp07	MODIFIER	upstream_gene_variant	transcript	TRANSCRIPT_gene-GU280_gp07	protein_coding	-1	c.-4942C>T	.	-1	-1	-1	-1	-1	-1	4942	upstream_gene_variant	NONE	c.-4942C>T	.	-1
NC_045512.2	22452	C	T	ORF1ab	gene-GU280_gp01	MODIFIER	downstream_gene_variant	transcript	TRANSCRIPT_gene-GU280_gp01	protein_coding	-1	c.*897C>T	.	-1	-1	-1	-1	-1	-1	897	downstream_gene_variant	NONE	c.*897C>T	.	-1
NC_045512.2	22498	CTA	C	S	gene-GU280_gp02	HIGH	frameshift_variant	transcript	TRANSCRIPT_gene-GU280_gp02	protein_coding	1	c.938_939delAT	p.Tyr313fs	938	3822	938	3822	313	1273	0	frameshift_variant	NONE	c.938_939delAT	p.Tyr313fs	1273
NC_045512.2	22498	CTA	C	ORF3a	gene-GU280_gp03	MODIFIER	upstream_gene_variant	transcript	TRANSCRIPT_gene-GU280_gp03	protein_coding	-1	c.-2894_-2893delTA	.	-1	-1	-1	-1	-1	-1	2894	upstream_gene_variant	NONE	c.-2894_-2893delTA	.	-1
NC_045512.2	22498	CTA	C	E	gene-GU280_gp04	MODIFIER	upstream_gene_variant	transcript	TRANSCRIPT_gene-GU280_gp04	protein_coding	-1	c.-3746_-3745delTA	.	-1	-1	-1	-1	-1	-1	3746	upstream_gene_variant	NONE	c.-3746_-3745delTA	.	-1
NC_045512.2	22498	CTA	C	M	gene-GU280_gp05	MODIFIER	upstream_gene_variant	transcript	TRANSCRIPT_gene-GU280_gp05	protein_coding	-1	c.-4024_-4023delTA	.	-1	-1	-1	-1	-1	-1	4024	upstream_gene_variant	NONE	c.-4024_-4023delTA	.	-1
NC_045512.2	22498	CTA	C	ORF6	gene-GU280_gp06	MODIFIER	upstream_gene_variant	transcript	TRANSCRIPT_gene-GU280_gp06	protein_coding	-1	c.-4703_-4702delTA	.	-1	-1	-1	-1	-1	-1	4703	upstream_gene_variant	NONE	c.-4703_-4702delTA	.	-1
NC_045512.2	22498	CTA	C	ORF7a	gene-GU280_gp07	MODIFIER	upstream_gene_variant	transcript	TRANSCRIPT_gene-GU280_gp07	protein_coding	-1	c.-4895_-4894delTA	.	-1	-1	-1	-1	-1	-1	4895	upstream_gene_variant	NONE	c.-4895_-4894delTA	.	-1
NC_045512.2	22498	CTA	C	ORF1ab	gene-GU280_gp01	MODIFIER	downstream_gene_variant	transcript	TRANSCRIPT_gene-GU280_gp01	protein_coding	-1	c.*944_*945delTA	.	-1	-1	-1	-1	-1	-1	944	downstream_gene_variant	NONE	c.*944_*945delTA	.	-1
NC_045512.2	22639	C	T	S	gene-GU280_gp02	LOW	synonymous_variant	transcript	TRANSCRIPT_gene-GU280_gp02	protein_coding	1	c.1077C>T	p.Ser359Ser	1077	3822	1077	3822	359	1273	0	synonymous_variant	NONE	c.1077C>T	p.Ser359Ser	1273
NC_045512.2	22639	C	T	ORF3a	gene-GU280_gp03	MODIFIER	upstream_gene_variant	transcript	TRANSCRIPT_gene-GU280_gp03	protein_coding	-1	c.-2754C>T	.	-1	-1	-1	-1	-1	-1	2754	upstream_gene_variant	NONE	c.-2754C>T	.	-1
NC_045512.2	22639	C	T	E	gene-GU280_gp04	MODIFIER	upstream_gene_variant	transcript	TRANSCRIPT_gene-GU280_gp04	protein_coding	-1	c.-3606C>T	.	-1	-1	-1	-1	-1	-1	3606	upstream_gene_variant	NONE	c.-3606C>T	.	-1
NC_045512.2	22639	C	T	M	gene-GU280_gp05	MODIFIER	upstream_gene_variant	transcript	TRANSCRIPT_gene-GU280_gp05	protein_coding	-1	c.-3884C>T	.	-1	-1	-1	-1	-1	-1	3884	upstream_gene_variant	NONE	c.-3884C>T	.	-1
NC_045512.2	22639	C	T	ORF6	gene-GU280_gp06	MODIFIER	upstream_gene_variant	transcript	TRANSCRIPT_gene-GU280_gp06	protein_coding	-1	c.-4563C>T	.	-1	-1	-1	-1	-1	-1	4563	upstream_gene_variant	NONE	c.-4563C>T	.	-1
NC_045512.2	22639	C	T	ORF7a	gene-GU280_gp07	MODIFIER	upstream_gene_variant	transcript	TRANSCRIPT_gene-GU280_gp07	protein_coding	-1	c.-4755C>T	.	-1	-1	-1	-1	-1	-1	4755	upstream_gene_variant	NONE	c.-4755C>T	.	-1
NC_045512.2	22639	C	T	ORF1ab	gene-GU280_gp01	MODIFIER	downstream_gene_variant	transcript	TRANSCRIPT_gene-GU280_gp01	protein_coding	-1	c.*1084C>T	.	-1	-1	-1	-1	-1	-1	1084	downstream_gene_variant	NONE	c.*1084C>T	.	-1
NC_045512.2	22647	T	C	S	gene-GU280_gp02	MODERATE	missense_variant	transcript	TRANSCRIPT_gene-GU280_gp02	protein_coding	1	c.1085T>C	p.Val362Ala	1085	3822	1085	3822	362	1273	0	missense_variant	NONE	c.1085T>C	p.Val362Ala	1273
NC_045512.2	22647	T	C	ORF3a	gene-GU280_gp03	MODIFIER	upstream_gene_variant	transcript	TRANSCRIPT_gene-GU280_gp03	protein_coding	-1	c.-2746T>C	.	-1	-1	-1	-1	-1	-1	2746	upstream_gene_variant	NONE	c.-2746T>C	.	-1
NC_045512.2	22647	T	C	E	gene-GU280_gp04	MODIFIER	upstream_gene_variant	transcript	TRANSCRIPT_gene-GU280_gp04	protein_coding	-1	c.-3598T>C	.	-1	-1	-1	-1	-1	-1	3598	upstream_gene_variant	NONE	c.-3598T>C	.	-1
NC_045512.2	22647	T	C	M	gene-GU280_gp05	MODIFIER	upstream_gene_variant	transcript	TRANSCRIPT_gene-GU280_gp05	protein_coding	-1	c.-3876T>C	.	-1	-1	-1	-1	-1	-1	3876	upstream_gene_variant	NONE	c.-3876T>C	.	-1
NC_045512.2	22647	T	C	ORF6	gene-GU280_gp06	MODIFIER	upstream_gene_variant	transcript	TRANSCRIPT_gene-GU280_gp06	protein_coding	-1	c.-4555T>C	.	-1	-1	-1	-1	-1	-1	4555	upstream_gene_variant	NONE	c.-4555T>C	.	-1
NC_045512.2	22647	T	C	ORF7a	gene-GU280_gp07	MODIFIER	upstream_gene_variant	transcript	TRANSCRIPT_gene-GU280_gp07	protein_coding	-1	c.-4747T>C	.	-1	-1	-1	-1	-1	-1	4747	upstream_gene_variant	NONE	c.-4747T>C	.	-1
NC_045512.2	22647	T	C	ORF1ab	gene-GU280_gp01	MODIFIER	downstream_gene_variant	transcript	TRANSCRIPT_gene-GU280_gp01	protein_coding	-1	c.*1092T>C	.	-1	-1	-1	-1	-1	-1	1092	downstream_gene_variant	NONE	c.*1092T>C	.	-1
NC_045512.2	22725	A	G	S	gene-GU280_gp02	MODERATE	missense_variant	transcript	TRANSCRIPT_gene-GU280_gp02	protein_coding	1	c.1163A>G	p.Asn388Ser	1163	3822	1163	3822	388	1273	0	missense_variant	NONE	c.1163A>G	p.Asn388Ser	1273
NC_045512.2	22725	A	G	ORF3a	gene-GU280_gp03	MODIFIER	upstream_gene_variant	transcript	TRANSCRIPT_gene-GU280_gp03	protein_coding	-1	c.-2668A>G	.	-1	-1	-1	-1	-1	-1	2668	upstream_gene_variant	NONE	c.-2668A>G	.	-1
NC_045512.2	22725	A	G	E	gene-GU280_gp04	MODIFIER	upstream_gene_variant	transcript	TRANSCRIPT_gene-GU280_gp04	protein_coding	-1	c.-3520A>G	.	-1	-1	-1	-1	-1	-1	3520	upstream_gene_variant	NONE	c.-3520A>G	.	-1
NC_045512.2	22725	A	G	M	gene-GU280_gp05	MODIFIER	upstream_gene_variant	transcript	TRANSCRIPT_gene-GU280_gp05	protein_coding	-1	c.-3798A>G	.	-1	-1	-1	-1	-1	-1	3798	upstream_gene_variant	NONE	c.-3798A>G	.	-1
NC_045512.2	22725	A	G	ORF6	gene-GU280_gp06	MODIFIER	upstream_gene_variant	transcript	TRANSCRIPT_gene-GU280_gp06	protein_coding	-1	c.-4477A>G	.	-1	-1	-1	-1	-1	-1	4477	upstream_gene_variant	NONE	c.-4477A>G	.	-1
NC_045512.2	22725	A	G	ORF7a	gene-GU280_gp07	MODIFIER	upstream_gene_variant	transcript	TRANSCRIPT_gene-GU280_gp07	protein_coding	-1	c.-4669A>G	.	-1	-1	-1	-1	-1	-1	4669	upstream_gene_variant	NONE	c.-4669A>G	.	-1
NC_045512.2	22725	A	G	ORF1ab	gene-GU280_gp01	MODIFIER	downstream_gene_variant	transcript	TRANSCRIPT_gene-GU280_gp01	protein_coding	-1	c.*1170A>G	.	-1	-1	-1	-1	-1	-1	1170	downstream_gene_variant	NONE	c.*1170A>G	.	-1
NC_045512.2	22738	T	G	S	gene-GU280_gp02	MODERATE	missense_variant	transcript	TRANSCRIPT_gene-GU280_gp02	protein_coding	1	c.1176T>G	p.Phe392Leu	1176	3822	1176	3822	392	1273	0	missense_variant	NONE	c.1176T>G	p.Phe392Leu	1273
NC_045512.2	22738	T	G	ORF3a	gene-GU280_gp03	MODIFIER	upstream_gene_variant	transcript	TRANSCRIPT_gene-GU280_gp03	protein_coding	-1	c.-2655T>G	.	-1	-1	-1	-1	-1	-1	2655	upstream_gene_variant	NONE	c.-2655T>G	.	-1
NC_045512.2	22738	T	G	E	gene-GU280_gp04	MODIFIER	upstream_gene_variant	transcript	TRANSCRIPT_gene-GU280_gp04	protein_coding	-1	c.-3507T>G	.	-1	-1	-1	-1	-1	-1	3507	upstream_gene_variant	NONE	c.-3507T>G	.	-1
NC_045512.2	22738	T	G	M	gene-GU280_gp05	MODIFIER	upstream_gene_variant	transcript	TRANSCRIPT_gene-GU280_gp05	protein_coding	-1	c.-3785T>G	.	-1	-1	-1	-1	-1	-1	3785	upstream_gene_variant	NONE	c.-3785T>G	.	-1
NC_045512.2	22738	T	G	ORF6	gene-GU280_gp06	MODIFIER	upstream_gene_variant	transcript	TRANSCRIPT_gene-GU280_gp06	protein_coding	-1	c.-4464T>G	.	-1	-1	-1	-1	-1	-1	4464	upstream_gene_variant	NONE	c.-4464T>G	.	-1
NC_045512.2	22738	T	G	ORF7a	gene-GU280_gp07	MODIFIER	upstream_gene_variant	transcript	TRANSCRIPT_gene-GU280_gp07	protein_coding	-1	c.-4656T>G	.	-1	-1	-1	-1	-1	-1	4656	upstream_gene_variant	NONE	c.-4656T>G	.	-1
NC_045512.2	22738	T	G	ORF1ab	gene-GU280_gp01	MODIFIER	downstream_gene_variant	transcript	TRANSCRIPT_gene-GU280_gp01	protein_coding	-1	c.*1183T>G	.	-1	-1	-1	-1	-1	-1	1183	downstream_gene_variant	NONE	c.*1183T>G	.	-1
NC_045512.2	23143	T	C	S	gene-GU280_gp02	LOW	synonymous_variant	transcript	TRANSCRIPT_gene-GU280_gp02	protein_coding	1	c.1581T>C	p.Pro527Pro	1581	3822	1581	3822	527	1273	0	synonymous_variant	NONE	c.1581T>C	p.Pro527Pro	1273
NC_045512.2	23143	T	C	ORF3a	gene-GU280_gp03	MODIFIER	upstream_gene_variant	transcript	TRANSCRIPT_gene-GU280_gp03	protein_coding	-1	c.-2250T>C	.	-1	-1	-1	-1	-1	-1	2250	upstream_gene_variant	NONE	c.-2250T>C	.	-1
NC_045512.2	23143	T	C	E	gene-GU280_gp04	MODIFIER	upstream_gene_variant	transcript	TRANSCRIPT_gene-GU280_gp04	protein_coding	-1	c.-3102T>C	.	-1	-1	-1	-1	-1	-1	3102	upstream_gene_variant	NONE	c.-3102T>C	.	-1
NC_045512.2	23143	T	C	M	gene-GU280_gp05	MODIFIER	upstream_gene_variant	transcript	TRANSCRIPT_gene-GU280_gp05	protein_coding	-1	c.-3380T>C	.	-1	-1	-1	-1	-1	-1	3380	upstream_gene_variant	NONE	c.-3380T>C	.	-1
NC_045512.2	23143	T	C	ORF6	gene-GU280_gp06	MODIFIER	upstream_gene_variant	transcript	TRANSCRIPT_gene-GU280_gp06	protein_coding	-1	c.-4059T>C	.	-1	-1	-1	-1	-1	-1	4059	upstream_gene_variant	NONE	c.-4059T>C	.	-1
NC_045512.2	23143	T	C	ORF7a	gene-GU280_gp07	MODIFIER	upstream_gene_variant	transcript	TRANSCRIPT_gene-GU280_gp07	protein_coding	-1	c.-4251T>C	.	-1	-1	-1	-1	-1	-1	4251	upstream_gene_variant	NONE	c.-4251T>C	.	-1
NC_045512.2	23143	T	C	ORF7b	gene-GU280_gp08	MODIFIER	upstream_gene_variant	transcript	TRANSCRIPT_gene-GU280_gp08	protein_coding	-1	c.-4613T>C	.	-1	-1	-1	-1	-1	-1	4613	upstream_gene_variant	NONE	c.-4613T>C	.	-1
NC_045512.2	23143	T	C	ORF8	gene-GU280_gp09	MODIFIER	upstream_gene_variant	transcript	TRANSCRIPT_gene-GU280_gp09	protein_coding	-1	c.-4751T>C	.	-1	-1	-1	-1	-1	-1	4751	upstream_gene_variant	NONE	c.-4751T>C	.	-1
NC_045512.2	23143	T	C	ORF1ab	gene-GU280_gp01	MODIFIER	downstream_gene_variant	transcript	TRANSCRIPT_gene-GU280_gp01	protein_coding	-1	c.*1588T>C	.	-1	-1	-1	-1	-1	-1	1588	downstream_gene_variant	NONE	c.*1588T>C	.	-1
NC_045512.2	23242	G	C	S	gene-GU280_gp02	LOW	synonymous_variant	transcript	TRANSCRIPT_gene-GU280_gp02	protein_coding	1	c.1680G>C	p.Leu560Leu	1680	3822	1680	3822	560	1273	0	synonymous_variant	NONE	c.1680G>C	p.Leu560Leu	1273
NC_045512.2	23242	G	C	ORF3a	gene-GU280_gp03	MODIFIER	upstream_gene_variant	transcript	TRANSCRIPT_gene-GU280_gp03	protein_coding	-1	c.-2151G>C	.	-1	-1	-1	-1	-1	-1	2151	upstream_gene_variant	NONE	c.-2151G>C	.	-1
NC_045512.2	23242	G	C	E	gene-GU280_gp04	MODIFIER	upstream_gene_variant	transcript	TRANSCRIPT_gene-GU280_gp04	protein_coding	-1	c.-3003G>C	.	-1	-1	-1	-1	-1	-1	3003	upstream_gene_variant	NONE	c.-3003G>C	.	-1
NC_045512.2	23242	G	C	M	gene-GU280_gp05	MODIFIER	upstream_gene_variant	transcript	TRANSCRIPT_gene-GU280_gp05	protein_coding	-1	c.-3281G>C	.	-1	-1	-1	-1	-1	-1	3281	upstream_gene_variant	NONE	c.-3281G>C	.	-1
NC_045512.2	23242	G	C	ORF6	gene-GU280_gp06	MODIFIER	upstream_gene_variant	transcript	TRANSCRIPT_gene-GU280_gp06	protein_coding	-1	c.-3960G>C	.	-1	-1	-1	-1	-1	-1	3960	upstream_gene_variant	NONE	c.-3960G>C	.	-1
NC_045512.2	23242	G	C	ORF7a	gene-GU280_gp07	MODIFIER	upstream_gene_variant	transcript	TRANSCRIPT_gene-GU280_gp07	protein_coding	-1	c.-4152G>C	.	-1	-1	-1	-1	-1	-1	4152	upstream_gene_variant	NONE	c.-4152G>C	.	-1
NC_045512.2	23242	G	C	ORF7b	gene-GU280_gp08	MODIFIER	upstream_gene_variant	transcript	TRANSCRIPT_gene-GU280_gp08	protein_coding	-1	c.-4514G>C	.	-1	-1	-1	-1	-1	-1	4514	upstream_gene_variant	NONE	c.-4514G>C	.	-1
NC_045512.2	23242	G	C	ORF8	gene-GU280_gp09	MODIFIER	upstream_gene_variant	transcript	TRANSCRIPT_gene-GU280_gp09	protein_coding	-1	c.-4652G>C	.	-1	-1	-1	-1	-1	-1	4652	upstream_gene_variant	NONE	c.-4652G>C	.	-1
NC_045512.2	23242	G	C	ORF1ab	gene-GU280_gp01	MODIFIER	downstream_gene_variant	transcript	TRANSCRIPT_gene-GU280_gp01	protein_coding	-1	c.*1687G>C	.	-1	-1	-1	-1	-1	-1	1687	downstream_gene_variant	NONE	c.*1687G>C	.	-1
NC_045512.2	23273	G	T	S	gene-GU280_gp02	MODERATE	missense_variant	transcript	TRANSCRIPT_gene-GU280_gp02	protein_coding	1	c.1711G>T	p.Asp571Tyr	1711	3822	1711	3822	571	1273	0	missense_variant	NONE	c.1711G>T	p.Asp571Tyr	1273
NC_045512.2	23273	G	T	ORF3a	gene-GU280_gp03	MODIFIER	upstream_gene_variant	transcript	TRANSCRIPT_gene-GU280_gp03	protein_coding	-1	c.-2120G>T	.	-1	-1	-1	-1	-1	-1	2120	upstream_gene_variant	NONE	c.-2120G>T	.	-1
NC_045512.2	23273	G	T	E	gene-GU280_gp04	MODIFIER	upstream_gene_variant	transcript	TRANSCRIPT_gene-GU280_gp04	protein_coding	-1	c.-2972G>T	.	-1	-1	-1	-1	-1	-1	2972	upstream_gene_variant	NONE	c.-2972G>T	.	-1
NC_045512.2	23273	G	T	M	gene-GU280_gp05	MODIFIER	upstream_gene_variant	transcript	TRANSCRIPT_gene-GU280_gp05	protein_coding	-1	c.-3250G>T	.	-1	-1	-1	-1	-1	-1	3250	upstream_gene_variant	NONE	c.-3250G>T	.	-1
NC_045512.2	23273	G	T	ORF6	gene-GU280_gp06	MODIFIER	upstream_gene_variant	transcript	TRANSCRIPT_gene-GU280_gp06	protein_coding	-1	c.-3929G>T	.	-1	-1	-1	-1	-1	-1	3929	upstream_gene_variant	NONE	c.-3929G>T	.	-1
NC_045512.2	23273	G	T	ORF7a	gene-GU280_gp07	MODIFIER	upstream_gene_variant	transcript	TRANSCRIPT_gene-GU280_gp07	protein_coding	-1	c.-4121G>T	.	-1	-1	-1	-1	-1	-1	4121	upstream_gene_variant	NONE	c.-4121G>T	.	-1
NC_045512.2	23273	G	T	ORF7b	gene-GU280_gp08	MODIFIER	upstream_gene_variant	transcript	TRANSCRIPT_gene-GU280_gp08	protein_coding	-1	c.-4483G>T	.	-1	-1	-1	-1	-1	-1	4483	upstream_gene_variant	NONE	c.-4483G>T	.	-1
NC_045512.2	23273	G	T	ORF8	gene-GU280_gp09	MODIFIER	upstream_gene_variant	transcript	TRANSCRIPT_gene-GU280_gp09	protein_coding	-1	c.-4621G>T	.	-1	-1	-1	-1	-1	-1	4621	upstream_gene_variant	NONE	c.-4621G>T	.	-1
NC_045512.2	23273	G	T	ORF1ab	gene-GU280_gp01	MODIFIER	downstream_gene_variant	transcript	TRANSCRIPT_gene-GU280_gp01	protein_coding	-1	c.*1718G>T	.	-1	-1	-1	-1	-1	-1	1718	downstream_gene_variant	NONE	c.*1718G>T	.	-1
NC_045512.2	23334	CT	C	S	gene-GU280_gp02	HIGH	frameshift_variant	transcript	TRANSCRIPT_gene-GU280_gp02	protein_coding	1	c.1776delT	p.Phe592fs	1776	3822	1776	3822	592	1273	0	frameshift_variant	NONE	c.1776delT	p.Phe592fs	1273
NC_045512.2	23334	CT	C	ORF3a	gene-GU280_gp03	MODIFIER	upstream_gene_variant	transcript	TRANSCRIPT_gene-GU280_gp03	protein_coding	-1	c.-2058delT	.	-1	-1	-1	-1	-1	-1	2058	upstream_gene_variant	NONE	c.-2058delT	.	-1
NC_045512.2	23334	CT	C	E	gene-GU280_gp04	MODIFIER	upstream_gene_variant	transcript	TRANSCRIPT_gene-GU280_gp04	protein_coding	-1	c.-2910delT	.	-1	-1	-1	-1	-1	-1	2910	upstream_gene_variant	NONE	c.-2910delT	.	-1
NC_045512.2	23334	CT	C	M	gene-GU280_gp05	MODIFIER	upstream_gene_variant	transcript	TRANSCRIPT_gene-GU280_gp05	protein_coding	-1	c.-3188delT	.	-1	-1	-1	-1	-1	-1	3188	upstream_gene_variant	NONE	c.-3188delT	.	-1
NC_045512.2	23334	CT	C	ORF6	gene-GU280_gp06	MODIFIER	upstream_gene_variant	transcript	TRANSCRIPT_gene-GU280_gp06	protein_coding	-1	c.-3867delT	.	-1	-1	-1	-1	-1	-1	3867	upstream_gene_variant	NONE	c.-3867delT	.	-1
NC_045512.2	23334	CT	C	ORF7a	gene-GU280_gp07	MODIFIER	upstream_gene_variant	transcript	TRANSCRIPT_gene-GU280_gp07	protein_coding	-1	c.-4059delT	.	-1	-1	-1	-1	-1	-1	4059	upstream_gene_variant	NONE	c.-4059delT	.	-1
NC_045512.2	23334	CT	C	ORF7b	gene-GU280_gp08	MODIFIER	upstream_gene_variant	transcript	TRANSCRIPT_gene-GU280_gp08	protein_coding	-1	c.-4421delT	.	-1	-1	-1	-1	-1	-1	4421	upstream_gene_variant	NONE	c.-4421delT	.	-1
NC_045512.2	23334	CT	C	ORF8	gene-GU280_gp09	MODIFIER	upstream_gene_variant	transcript	TRANSCRIPT_gene-GU280_gp09	protein_coding	-1	c.-4559delT	.	-1	-1	-1	-1	-1	-1	4559	upstream_gene_variant	NONE	c.-4559delT	.	-1
NC_045512.2	23334	CT	C	N	gene-GU280_gp10	MODIFIER	upstream_gene_variant	transcript	TRANSCRIPT_gene-GU280_gp10	protein_coding	-1	c.-4939delT	.	-1	-1	-1	-1	-1	-1	4939	upstream_gene_variant	NONE	c.-4939delT	.	-1
NC_045512.2	23334	CT	C	ORF1ab	gene-GU280_gp01	MODIFIER	downstream_gene_variant	transcript	TRANSCRIPT_gene-GU280_gp01	protein_coding	-1	c.*1780delT	.	-1	-1	-1	-1	-1	-1	1780	downstream_gene_variant	NONE	c.*1780delT	.	-1
NC_045512.2	23339	G	T	S	gene-GU280_gp02	MODERATE	missense_variant	transcript	TRANSCRIPT_gene-GU280_gp02	protein_coding	1	c.1777G>T	p.Gly593Cys	1777	3822	1777	3822	593	1273	0	missense_variant	NONE	c.1777G>T	p.Gly593Cys	1273
NC_045512.2	23339	G	T	ORF3a	gene-GU280_gp03	MODIFIER	upstream_gene_variant	transcript	TRANSCRIPT_gene-GU280_gp03	protein_coding	-1	c.-2054G>T	.	-1	-1	-1	-1	-1	-1	2054	upstream_gene_variant	NONE	c.-2054G>T	.	-1
NC_045512.2	23339	G	T	E	gene-GU280_gp04	MODIFIER	upstream_gene_variant	transcript	TRANSCRIPT_gene-GU280_gp04	protein_coding	-1	c.-2906G>T	.	-1	-1	-1	-1	-1	-1	2906	upstream_gene_variant	NONE	c.-2906G>T	.	-1
NC_045512.2	23339	G	T	M	gene-GU280_gp05	MODIFIER	upstream_gene_variant	transcript	TRANSCRIPT_gene-GU280_gp05	protein_coding	-1	c.-3184G>T	.	-1	-1	-1	-1	-1	-1	3184	upstream_gene_variant	NONE	c.-3184G>T	.	-1
NC_045512.2	23339	G	T	ORF6	gene-GU280_gp06	MODIFIER	upstream_gene_variant	transcript	TRANSCRIPT_gene-GU280_gp06	protein_coding	-1	c.-3863G>T	.	-1	-1	-1	-1	-1	-1	3863	upstream_gene_variant	NONE	c.-3863G>T	.	-1
NC_045512.2	23339	G	T	ORF7a	gene-GU280_gp07	MODIFIER	upstream_gene_variant	transcript	TRANSCRIPT_gene-GU280_gp07	protein_coding	-1	c.-4055G>T	.	-1	-1	-1	-1	-1	-1	4055	upstream_gene_variant	NONE	c.-4055G>T	.	-1
NC_045512.2	23339	G	T	ORF7b	gene-GU280_gp08	MODIFIER	upstream_gene_variant	transcript	TRANSCRIPT_gene-GU280_gp08	protein_coding	-1	c.-4417G>T	.	-1	-1	-1	-1	-1	-1	4417	upstream_gene_variant	NONE	c.-4417G>T	.	-1
NC_045512.2	23339	G	T	ORF8	gene-GU280_gp09	MODIFIER	upstream_gene_variant	transcript	TRANSCRIPT_gene-GU280_gp09	protein_coding	-1	c.-4555G>T	.	-1	-1	-1	-1	-1	-1	4555	upstream_gene_variant	NONE	c.-4555G>T	.	-1
NC_045512.2	23339	G	T	N	gene-GU280_gp10	MODIFIER	upstream_gene_variant	transcript	TRANSCRIPT_gene-GU280_gp10	protein_coding	-1	c.-4935G>T	.	-1	-1	-1	-1	-1	-1	4935	upstream_gene_variant	NONE	c.-4935G>T	.	-1
NC_045512.2	23339	G	T	ORF1ab	gene-GU280_gp01	MODIFIER	downstream_gene_variant	transcript	TRANSCRIPT_gene-GU280_gp01	protein_coding	-1	c.*1784G>T	.	-1	-1	-1	-1	-1	-1	1784	downstream_gene_variant	NONE	c.*1784G>T	.	-1
NC_045512.2	23377	TA	T	S	gene-GU280_gp02	HIGH	frameshift_variant	transcript	TRANSCRIPT_gene-GU280_gp02	protein_coding	1	c.1817delA	p.Asn606fs	1817	3822	1817	3822	606	1273	0	frameshift_variant	NONE	c.1817delA	p.Asn606fs	1273
NC_045512.2	23377	TA	T	ORF3a	gene-GU280_gp03	MODIFIER	upstream_gene_variant	transcript	TRANSCRIPT_gene-GU280_gp03	protein_coding	-1	c.-2015delA	.	-1	-1	-1	-1	-1	-1	2015	upstream_gene_variant	NONE	c.-2015delA	.	-1
NC_045512.2	23377	TA	T	E	gene-GU280_gp04	MODIFIER	upstream_gene_variant	transcript	TRANSCRIPT_gene-GU280_gp04	protein_coding	-1	c.-2867delA	.	-1	-1	-1	-1	-1	-1	2867	upstream_gene_variant	NONE	c.-2867delA	.	-1
NC_045512.2	23377	TA	T	M	gene-GU280_gp05	MODIFIER	upstream_gene_variant	transcript	TRANSCRIPT_gene-GU280_gp05	protein_coding	-1	c.-3145delA	.	-1	-1	-1	-1	-1	-1	3145	upstream_gene_variant	NONE	c.-3145delA	.	-1
NC_045512.2	23377	TA	T	ORF6	gene-GU280_gp06	MODIFIER	upstream_gene_variant	transcript	TRANSCRIPT_gene-GU280_gp06	protein_coding	-1	c.-3824delA	.	-1	-1	-1	-1	-1	-1	3824	upstream_gene_variant	NONE	c.-3824delA	.	-1
NC_045512.2	23377	TA	T	ORF7a	gene-GU280_gp07	MODIFIER	upstream_gene_variant	transcript	TRANSCRIPT_gene-GU280_gp07	protein_coding	-1	c.-4016delA	.	-1	-1	-1	-1	-1	-1	4016	upstream_gene_variant	NONE	c.-4016delA	.	-1
NC_045512.2	23377	TA	T	ORF7b	gene-GU280_gp08	MODIFIER	upstream_gene_variant	transcript	TRANSCRIPT_gene-GU280_gp08	protein_coding	-1	c.-4378delA	.	-1	-1	-1	-1	-1	-1	4378	upstream_gene_variant	NONE	c.-4378delA	.	-1
NC_045512.2	23377	TA	T	ORF8	gene-GU280_gp09	MODIFIER	upstream_gene_variant	transcript	TRANSCRIPT_gene-GU280_gp09	protein_coding	-1	c.-4516delA	.	-1	-1	-1	-1	-1	-1	4516	upstream_gene_variant	NONE	c.-4516delA	.	-1
NC_045512.2	23377	TA	T	N	gene-GU280_gp10	MODIFIER	upstream_gene_variant	transcript	TRANSCRIPT_gene-GU280_gp10	protein_coding	-1	c.-4896delA	.	-1	-1	-1	-1	-1	-1	4896	upstream_gene_variant	NONE	c.-4896delA	.	-1
NC_045512.2	23377	TA	T	ORF1ab	gene-GU280_gp01	MODIFIER	downstream_gene_variant	transcript	TRANSCRIPT_gene-GU280_gp01	protein_coding	-1	c.*1823delA	.	-1	-1	-1	-1	-1	-1	1823	downstream_gene_variant	NONE	c.*1823delA	.	-1
NC_045512.2	23403	A	G	S	gene-GU280_gp02	MODERATE	missense_variant	transcript	TRANSCRIPT_gene-GU280_gp02	protein_coding	1	c.1841A>G	p.Asp614Gly	1841	3822	1841	3822	614	1273	0	missense_variant	NONE	c.1841A>G	p.Asp614Gly	1273
NC_045512.2	23403	A	G	ORF3a	gene-GU280_gp03	MODIFIER	upstream_gene_variant	transcript	TRANSCRIPT_gene-GU280_gp03	protein_coding	-1	c.-1990A>G	.	-1	-1	-1	-1	-1	-1	1990	upstream_gene_variant	NONE	c.-1990A>G	.	-1
NC_045512.2	23403	A	G	E	gene-GU280_gp04	MODIFIER	upstream_gene_variant	transcript	TRANSCRIPT_gene-GU280_gp04	protein_coding	-1	c.-2842A>G	.	-1	-1	-1	-1	-1	-1	2842	upstream_gene_variant	NONE	c.-2842A>G	.	-1
NC_045512.2	23403	A	G	M	gene-GU280_gp05	MODIFIER	upstream_gene_variant	transcript	TRANSCRIPT_gene-GU280_gp05	protein_coding	-1	c.-3120A>G	.	-1	-1	-1	-1	-1	-1	3120	upstream_gene_variant	NONE	c.-3120A>G	.	-1
NC_045512.2	23403	A	G	ORF6	gene-GU280_gp06	MODIFIER	upstream_gene_variant	transcript	TRANSCRIPT_gene-GU280_gp06	protein_coding	-1	c.-3799A>G	.	-1	-1	-1	-1	-1	-1	3799	upstream_gene_variant	NONE	c.-3799A>G	.	-1
NC_045512.2	23403	A	G	ORF7a	gene-GU280_gp07	MODIFIER	upstream_gene_variant	transcript	TRANSCRIPT_gene-GU280_gp07	protein_coding	-1	c.-3991A>G	.	-1	-1	-1	-1	-1	-1	3991	upstream_gene_variant	NONE	c.-3991A>G	.	-1
NC_045512.2	23403	A	G	ORF7b	gene-GU280_gp08	MODIFIER	upstream_gene_variant	transcript	TRANSCRIPT_gene-GU280_gp08	protein_coding	-1	c.-4353A>G	.	-1	-1	-1	-1	-1	-1	4353	upstream_gene_variant	NONE	c.-4353A>G	.	-1
NC_045512.2	23403	A	G	ORF8	gene-GU280_gp09	MODIFIER	upstream_gene_variant	transcript	TRANSCRIPT_gene-GU280_gp09	protein_coding	-1	c.-4491A>G	.	-1	-1	-1	-1	-1	-1	4491	upstream_gene_variant	NONE	c.-4491A>G	.	-1
NC_045512.2	23403	A	G	N	gene-GU280_gp10	MODIFIER	upstream_gene_variant	transcript	TRANSCRIPT_gene-GU280_gp10	protein_coding	-1	c.-4871A>G	.	-1	-1	-1	-1	-1	-1	4871	upstream_gene_variant	NONE	c.-4871A>G	.	-1
NC_045512.2	23403	A	G	ORF1ab	gene-GU280_gp01	MODIFIER	downstream_gene_variant	transcript	TRANSCRIPT_gene-GU280_gp01	protein_coding	-1	c.*1848A>G	.	-1	-1	-1	-1	-1	-1	1848	downstream_gene_variant	NONE	c.*1848A>G	.	-1
NC_045512.2	23416	AG	A	S	gene-GU280_gp02	HIGH	frameshift_variant	transcript	TRANSCRIPT_gene-GU280_gp02	protein_coding	1	c.1855delG	p.Glu619fs	1855	3822	1855	3822	619	1273	0	frameshift_variant	NONE	c.1855delG	p.Glu619fs	1273
NC_045512.2	23416	AG	A	ORF3a	gene-GU280_gp03	MODIFIER	upstream_gene_variant	transcript	TRANSCRIPT_gene-GU280_gp03	protein_coding	-1	c.-1976delG	.	-1	-1	-1	-1	-1	-1	1976	upstream_gene_variant	NONE	c.-1976delG	.	-1
NC_045512.2	23416	AG	A	E	gene-GU280_gp04	MODIFIER	upstream_gene_variant	transcript	TRANSCRIPT_gene-GU280_gp04	protein_coding	-1	c.-2828delG	.	-1	-1	-1	-1	-1	-1	2828	upstream_gene_variant	NONE	c.-2828delG	.	-1
NC_045512.2	23416	AG	A	M	gene-GU280_gp05	MODIFIER	upstream_gene_variant	transcript	TRANSCRIPT_gene-GU280_gp05	protein_coding	-1	c.-3106delG	.	-1	-1	-1	-1	-1	-1	3106	upstream_gene_variant	NONE	c.-3106delG	.	-1
NC_045512.2	23416	AG	A	ORF6	gene-GU280_gp06	MODIFIER	upstream_gene_variant	transcript	TRANSCRIPT_gene-GU280_gp06	protein_coding	-1	c.-3785delG	.	-1	-1	-1	-1	-1	-1	3785	upstream_gene_variant	NONE	c.-3785delG	.	-1
NC_045512.2	23416	AG	A	ORF7a	gene-GU280_gp07	MODIFIER	upstream_gene_variant	transcript	TRANSCRIPT_gene-GU280_gp07	protein_coding	-1	c.-3977delG	.	-1	-1	-1	-1	-1	-1	3977	upstream_gene_variant	NONE	c.-3977delG	.	-1
NC_045512.2	23416	AG	A	ORF7b	gene-GU280_gp08	MODIFIER	upstream_gene_variant	transcript	TRANSCRIPT_gene-GU280_gp08	protein_coding	-1	c.-4339delG	.	-1	-1	-1	-1	-1	-1	4339	upstream_gene_variant	NONE	c.-4339delG	.	-1
NC_045512.2	23416	AG	A	ORF8	gene-GU280_gp09	MODIFIER	upstream_gene_variant	transcript	TRANSCRIPT_gene-GU280_gp09	protein_coding	-1	c.-4477delG	.	-1	-1	-1	-1	-1	-1	4477	upstream_gene_variant	NONE	c.-4477delG	.	-1
NC_045512.2	23416	AG	A	N	gene-GU280_gp10	MODIFIER	upstream_gene_variant	transcript	TRANSCRIPT_gene-GU280_gp10	protein_coding	-1	c.-4857delG	.	-1	-1	-1	-1	-1	-1	4857	upstream_gene_variant	NONE	c.-4857delG	.	-1
NC_045512.2	23416	AG	A	ORF1ab	gene-GU280_gp01	MODIFIER	downstream_gene_variant	transcript	TRANSCRIPT_gene-GU280_gp01	protein_coding	-1	c.*1862delG	.	-1	-1	-1	-1	-1	-1	1862	downstream_gene_variant	NONE	c.*1862delG	.	-1
NC_045512.2	23606	CG	C	S	gene-GU280_gp02	HIGH	frameshift_variant	transcript	TRANSCRIPT_gene-GU280_gp02	protein_coding	1	c.2046delG	p.Arg683fs	2046	3822	2046	3822	682	1273	0	frameshift_variant	NONE	c.2046delG	p.Arg683fs	1273
NC_045512.2	23606	CG	C	ORF3a	gene-GU280_gp03	MODIFIER	upstream_gene_variant	transcript	TRANSCRIPT_gene-GU280_gp03	protein_coding	-1	c.-1786delG	.	-1	-1	-1	-1	-1	-1	1786	upstream_gene_variant	NONE	c.-1786delG	.	-1
NC_045512.2	23606	CG	C	E	gene-GU280_gp04	MODIFIER	upstream_gene_variant	transcript	TRANSCRIPT_gene-GU280_gp04	protein_coding	-1	c.-2638delG	.	-1	-1	-1	-1	-1	-1	2638	upstream_gene_variant	NONE	c.-2638delG	.	-1
NC_045512.2	23606	CG	C	M	gene-GU280_gp05	MODIFIER	upstream_gene_variant	transcript	TRANSCRIPT_gene-GU280_gp05	protein_coding	-1	c.-2916delG	.	-1	-1	-1	-1	-1	-1	2916	upstream_gene_variant	NONE	c.-2916delG	.	-1
NC_045512.2	23606	CG	C	ORF6	gene-GU280_gp06	MODIFIER	upstream_gene_variant	transcript	TRANSCRIPT_gene-GU280_gp06	protein_coding	-1	c.-3595delG	.	-1	-1	-1	-1	-1	-1	3595	upstream_gene_variant	NONE	c.-3595delG	.	-1
NC_045512.2	23606	CG	C	ORF7a	gene-GU280_gp07	MODIFIER	upstream_gene_variant	transcript	TRANSCRIPT_gene-GU280_gp07	protein_coding	-1	c.-3787delG	.	-1	-1	-1	-1	-1	-1	3787	upstream_gene_variant	NONE	c.-3787delG	.	-1
NC_045512.2	23606	CG	C	ORF7b	gene-GU280_gp08	MODIFIER	upstream_gene_variant	transcript	TRANSCRIPT_gene-GU280_gp08	protein_coding	-1	c.-4149delG	.	-1	-1	-1	-1	-1	-1	4149	upstream_gene_variant	NONE	c.-4149delG	.	-1
NC_045512.2	23606	CG	C	ORF8	gene-GU280_gp09	MODIFIER	upstream_gene_variant	transcript	TRANSCRIPT_gene-GU280_gp09	protein_coding	-1	c.-4287delG	.	-1	-1	-1	-1	-1	-1	4287	upstream_gene_variant	NONE	c.-4287delG	.	-1
NC_045512.2	23606	CG	C	N	gene-GU280_gp10	MODIFIER	upstream_gene_variant	transcript	TRANSCRIPT_gene-GU280_gp10	protein_coding	-1	c.-4667delG	.	-1	-1	-1	-1	-1	-1	4667	upstream_gene_variant	NONE	c.-4667delG	.	-1
NC_045512.2	23606	CG	C	ORF1ab	gene-GU280_gp01	MODIFIER	downstream_gene_variant	transcript	TRANSCRIPT_gene-GU280_gp01	protein_coding	-1	c.*2052delG	.	-1	-1	-1	-1	-1	-1	2052	downstream_gene_variant	NONE	c.*2052delG	.	-1
NC_045512.2	23607	G	T	S	gene-GU280_gp02	MODERATE	missense_variant	transcript	TRANSCRIPT_gene-GU280_gp02	protein_coding	1	c.2045G>T	p.Arg682Leu	2045	3822	2045	3822	682	1273	0	missense_variant	NONE	c.2045G>T	p.Arg682Leu	1273
NC_045512.2	23607	G	T	ORF3a	gene-GU280_gp03	MODIFIER	upstream_gene_variant	transcript	TRANSCRIPT_gene-GU280_gp03	protein_coding	-1	c.-1786G>T	.	-1	-1	-1	-1	-1	-1	1786	upstream_gene_variant	NONE	c.-1786G>T	.	-1
NC_045512.2	23607	G	T	E	gene-GU280_gp04	MODIFIER	upstream_gene_variant	transcript	TRANSCRIPT_gene-GU280_gp04	protein_coding	-1	c.-2638G>T	.	-1	-1	-1	-1	-1	-1	2638	upstream_gene_variant	NONE	c.-2638G>T	.	-1
NC_045512.2	23607	G	T	M	gene-GU280_gp05	MODIFIER	upstream_gene_variant	transcript	TRANSCRIPT_gene-GU280_gp05	protein_coding	-1	c.-2916G>T	.	-1	-1	-1	-1	-1	-1	2916	upstream_gene_variant	NONE	c.-2916G>T	.	-1
NC_045512.2	23607	G	T	ORF6	gene-GU280_gp06	MODIFIER	upstream_gene_variant	transcript	TRANSCRIPT_gene-GU280_gp06	protein_coding	-1	c.-3595G>T	.	-1	-1	-1	-1	-1	-1	3595	upstream_gene_variant	NONE	c.-3595G>T	.	-1
NC_045512.2	23607	G	T	ORF7a	gene-GU280_gp07	MODIFIER	upstream_gene_variant	transcript	TRANSCRIPT_gene-GU280_gp07	protein_coding	-1	c.-3787G>T	.	-1	-1	-1	-1	-1	-1	3787	upstream_gene_variant	NONE	c.-3787G>T	.	-1
NC_045512.2	23607	G	T	ORF7b	gene-GU280_gp08	MODIFIER	upstream_gene_variant	transcript	TRANSCRIPT_gene-GU280_gp08	protein_coding	-1	c.-4149G>T	.	-1	-1	-1	-1	-1	-1	4149	upstream_gene_variant	NONE	c.-4149G>T	.	-1
NC_045512.2	23607	G	T	ORF8	gene-GU280_gp09	MODIFIER	upstream_gene_variant	transcript	TRANSCRIPT_gene-GU280_gp09	protein_coding	-1	c.-4287G>T	.	-1	-1	-1	-1	-1	-1	4287	upstream_gene_variant	NONE	c.-4287G>T	.	-1
NC_045512.2	23607	G	T	N	gene-GU280_gp10	MODIFIER	upstream_gene_variant	transcript	TRANSCRIPT_gene-GU280_gp10	protein_coding	-1	c.-4667G>T	.	-1	-1	-1	-1	-1	-1	4667	upstream_gene_variant	NONE	c.-4667G>T	.	-1
NC_045512.2	23607	G	T	ORF1ab	gene-GU280_gp01	MODIFIER	downstream_gene_variant	transcript	TRANSCRIPT_gene-GU280_gp01	protein_coding	-1	c.*2052G>T	.	-1	-1	-1	-1	-1	-1	2052	downstream_gene_variant	NONE	c.*2052G>T	.	-1
NC_045512.2	23725	TG	T	S	gene-GU280_gp02	HIGH	frameshift_variant	transcript	TRANSCRIPT_gene-GU280_gp02	protein_coding	1	c.2164delG	p.Val722fs	2164	3822	2164	3822	722	1273	0	frameshift_variant	NONE	c.2164delG	p.Val722fs	1273
NC_045512.2	23725	TG	T	ORF3a	gene-GU280_gp03	MODIFIER	upstream_gene_variant	transcript	TRANSCRIPT_gene-GU280_gp03	protein_coding	-1	c.-1667delG	.	-1	-1	-1	-1	-1	-1	1667	upstream_gene_variant	NONE	c.-1667delG	.	-1
NC_045512.2	23725	TG	T	E	gene-GU280_gp04	MODIFIER	upstream_gene_variant	transcript	TRANSCRIPT_gene-GU280_gp04	protein_coding	-1	c.-2519delG	.	-1	-1	-1	-1	-1	-1	2519	upstream_gene_variant	NONE	c.-2519delG	.	-1
NC_045512.2	23725	TG	T	M	gene-GU280_gp05	MODIFIER	upstream_gene_variant	transcript	TRANSCRIPT_gene-GU280_gp05	protein_coding	-1	c.-2797delG	.	-1	-1	-1	-1	-1	-1	2797	upstream_gene_variant	NONE	c.-2797delG	.	-1
NC_045512.2	23725	TG	T	ORF6	gene-GU280_gp06	MODIFIER	upstream_gene_variant	transcript	TRANSCRIPT_gene-GU280_gp06	protein_coding	-1	c.-3476delG	.	-1	-1	-1	-1	-1	-1	3476	upstream_gene_variant	NONE	c.-3476delG	.	-1
NC_045512.2	23725	TG	T	ORF7a	gene-GU280_gp07	MODIFIER	upstream_gene_variant	transcript	TRANSCRIPT_gene-GU280_gp07	protein_coding	-1	c.-3668delG	.	-1	-1	-1	-1	-1	-1	3668	upstream_gene_variant	NONE	c.-3668delG	.	-1
NC_045512.2	23725	TG	T	ORF7b	gene-GU280_gp08	MODIFIER	upstream_gene_variant	transcript	TRANSCRIPT_gene-GU280_gp08	protein_coding	-1	c.-4030delG	.	-1	-1	-1	-1	-1	-1	4030	upstream_gene_variant	NONE	c.-4030delG	.	-1
NC_045512.2	23725	TG	T	ORF8	gene-GU280_gp09	MODIFIER	upstream_gene_variant	transcript	TRANSCRIPT_gene-GU280_gp09	protein_coding	-1	c.-4168delG	.	-1	-1	-1	-1	-1	-1	4168	upstream_gene_variant	NONE	c.-4168delG	.	-1
NC_045512.2	23725	TG	T	N	gene-GU280_gp10	MODIFIER	upstream_gene_variant	transcript	TRANSCRIPT_gene-GU280_gp10	protein_coding	-1	c.-4548delG	.	-1	-1	-1	-1	-1	-1	4548	upstream_gene_variant	NONE	c.-4548delG	.	-1
NC_045512.2	23725	TG	T	ORF1ab	gene-GU280_gp01	MODIFIER	downstream_gene_variant	transcript	TRANSCRIPT_gene-GU280_gp01	protein_coding	-1	c.*2171delG	.	-1	-1	-1	-1	-1	-1	2171	downstream_gene_variant	NONE	c.*2171delG	.	-1
NC_045512.2	23782	GTA	G	S	gene-GU280_gp02	HIGH	frameshift_variant	transcript	TRANSCRIPT_gene-GU280_gp02	protein_coding	1	c.2221_2222delTA	p.Tyr741fs	2221	3822	2221	3822	741	1273	0	frameshift_variant	NONE	c.2221_2222delTA	p.Tyr741fs	1273
NC_045512.2	23782	GTA	G	ORF3a	gene-GU280_gp03	MODIFIER	upstream_gene_variant	transcript	TRANSCRIPT_gene-GU280_gp03	protein_coding	-1	c.-1610_-1609delTA	.	-1	-1	-1	-1	-1	-1	1610	upstream_gene_variant	NONE	c.-1610_-1609delTA	.	-1
NC_045512.2	23782	GTA	G	E	gene-GU280_gp04	MODIFIER	upstream_gene_variant	transcript	TRANSCRIPT_gene-GU280_gp04	protein_coding	-1	c.-2462_-2461delTA	.	-1	-1	-1	-1	-1	-1	2462	upstream_gene_variant	NONE	c.-2462_-2461delTA	.	-1
NC_045512.2	23782	GTA	G	M	gene-GU280_gp05	MODIFIER	upstream_gene_variant	transcript	TRANSCRIPT_gene-GU280_gp05	protein_coding	-1	c.-2740_-2739delTA	.	-1	-1	-1	-1	-1	-1	2740	upstream_gene_variant	NONE	c.-2740_-2739delTA	.	-1
NC_045512.2	23782	GTA	G	ORF6	gene-GU280_gp06	MODIFIER	upstream_gene_variant	transcript	TRANSCRIPT_gene-GU280_gp06	protein_coding	-1	c.-3419_-3418delTA	.	-1	-1	-1	-1	-1	-1	3419	upstream_gene_variant	NONE	c.-3419_-3418delTA	.	-1
NC_045512.2	23782	GTA	G	ORF7a	gene-GU280_gp07	MODIFIER	upstream_gene_variant	transcript	TRANSCRIPT_gene-GU280_gp07	protein_coding	-1	c.-3611_-3610delTA	.	-1	-1	-1	-1	-1	-1	3611	upstream_gene_variant	NONE	c.-3611_-3610delTA	.	-1
NC_045512.2	23782	GTA	G	ORF7b	gene-GU280_gp08	MODIFIER	upstream_gene_variant	transcript	TRANSCRIPT_gene-GU280_gp08	protein_coding	-1	c.-3973_-3972delTA	.	-1	-1	-1	-1	-1	-1	3973	upstream_gene_variant	NONE	c.-3973_-3972delTA	.	-1
NC_045512.2	23782	GTA	G	ORF8	gene-GU280_gp09	MODIFIER	upstream_gene_variant	transcript	TRANSCRIPT_gene-GU280_gp09	protein_coding	-1	c.-4111_-4110delTA	.	-1	-1	-1	-1	-1	-1	4111	upstream_gene_variant	NONE	c.-4111_-4110delTA	.	-1
NC_045512.2	23782	GTA	G	N	gene-GU280_gp10	MODIFIER	upstream_gene_variant	transcript	TRANSCRIPT_gene-GU280_gp10	protein_coding	-1	c.-4491_-4490delTA	.	-1	-1	-1	-1	-1	-1	4491	upstream_gene_variant	NONE	c.-4491_-4490delTA	.	-1
NC_045512.2	23782	GTA	G	ORF1ab	gene-GU280_gp01	MODIFIER	downstream_gene_variant	transcript	TRANSCRIPT_gene-GU280_gp01	protein_coding	-1	c.*2228_*2229delTA	.	-1	-1	-1	-1	-1	-1	2228	downstream_gene_variant	NONE	c.*2228_*2229delTA	.	-1
NC_045512.2	23800	AACTG	A	S	gene-GU280_gp02	HIGH	frameshift_variant	transcript	TRANSCRIPT_gene-GU280_gp02	protein_coding	1	c.2240_2243delCTGA	p.Thr747fs	2240	3822	2240	3822	747	1273	0	frameshift_variant	NONE	c.2240_2243delCTGA	p.Thr747fs	1273
NC_045512.2	23800	AACTG	A	ORF3a	gene-GU280_gp03	MODIFIER	upstream_gene_variant	transcript	TRANSCRIPT_gene-GU280_gp03	protein_coding	-1	c.-1592_-1589delACTG	.	-1	-1	-1	-1	-1	-1	1592	upstream_gene_variant	NONE	c.-1592_-1589delACTG	.	-1
NC_045512.2	23800	AACTG	A	E	gene-GU280_gp04	MODIFIER	upstream_gene_variant	transcript	TRANSCRIPT_gene-GU280_gp04	protein_coding	-1	c.-2444_-2441delACTG	.	-1	-1	-1	-1	-1	-1	2444	upstream_gene_variant	NONE	c.-2444_-2441delACTG	.	-1
NC_045512.2	23800	AACTG	A	M	gene-GU280_gp05	MODIFIER	upstream_gene_variant	transcript	TRANSCRIPT_gene-GU280_gp05	protein_coding	-1	c.-2722_-2719delACTG	.	-1	-1	-1	-1	-1	-1	2722	upstream_gene_variant	NONE	c.-2722_-2719delACTG	.	-1
NC_045512.2	23800	AACTG	A	ORF6	gene-GU280_gp06	MODIFIER	upstream_gene_variant	transcript	TRANSCRIPT_gene-GU280_gp06	protein_coding	-1	c.-3401_-3398delACTG	.	-1	-1	-1	-1	-1	-1	3401	upstream_gene_variant	NONE	c.-3401_-3398delACTG	.	-1
NC_045512.2	23800	AACTG	A	ORF7a	gene-GU280_gp07	MODIFIER	upstream_gene_variant	transcript	TRANSCRIPT_gene-GU280_gp07	protein_coding	-1	c.-3593_-3590delACTG	.	-1	-1	-1	-1	-1	-1	3593	upstream_gene_variant	NONE	c.-3593_-3590delACTG	.	-1
NC_045512.2	23800	AACTG	A	ORF7b	gene-GU280_gp08	MODIFIER	upstream_gene_variant	transcript	TRANSCRIPT_gene-GU280_gp08	protein_coding	-1	c.-3955_-3952delACTG	.	-1	-1	-1	-1	-1	-1	3955	upstream_gene_variant	NONE	c.-3955_-3952delACTG	.	-1
NC_045512.2	23800	AACTG	A	ORF8	gene-GU280_gp09	MODIFIER	upstream_gene_variant	transcript	TRANSCRIPT_gene-GU280_gp09	protein_coding	-1	c.-4093_-4090delACTG	.	-1	-1	-1	-1	-1	-1	4093	upstream_gene_variant	NONE	c.-4093_-4090delACTG	.	-1
NC_045512.2	23800	AACTG	A	N	gene-GU280_gp10	MODIFIER	upstream_gene_variant	transcript	TRANSCRIPT_gene-GU280_gp10	protein_coding	-1	c.-4473_-4470delACTG	.	-1	-1	-1	-1	-1	-1	4473	upstream_gene_variant	NONE	c.-4473_-4470delACTG	.	-1
NC_045512.2	23800	AACTG	A	ORF1ab	gene-GU280_gp01	MODIFIER	downstream_gene_variant	transcript	TRANSCRIPT_gene-GU280_gp01	protein_coding	-1	c.*2246_*2249delACTG	.	-1	-1	-1	-1	-1	-1	2246	downstream_gene_variant	NONE	c.*2246_*2249delACTG	.	-1
NC_045512.2	23825	C	A	S	gene-GU280_gp02	MODERATE	missense_variant	transcript	TRANSCRIPT_gene-GU280_gp02	protein_coding	1	c.2263C>A	p.Gln755Lys	2263	3822	2263	3822	755	1273	0	missense_variant	NONE	c.2263C>A	p.Gln755Lys	1273
NC_045512.2	23825	C	A	ORF3a	gene-GU280_gp03	MODIFIER	upstream_gene_variant	transcript	TRANSCRIPT_gene-GU280_gp03	protein_coding	-1	c.-1568C>A	.	-1	-1	-1	-1	-1	-1	1568	upstream_gene_variant	NONE	c.-1568C>A	.	-1
NC_045512.2	23825	C	A	E	gene-GU280_gp04	MODIFIER	upstream_gene_variant	transcript	TRANSCRIPT_gene-GU280_gp04	protein_coding	-1	c.-2420C>A	.	-1	-1	-1	-1	-1	-1	2420	upstream_gene_variant	NONE	c.-2420C>A	.	-1
NC_045512.2	23825	C	A	M	gene-GU280_gp05	MODIFIER	upstream_gene_variant	transcript	TRANSCRIPT_gene-GU280_gp05	protein_coding	-1	c.-2698C>A	.	-1	-1	-1	-1	-1	-1	2698	upstream_gene_variant	NONE	c.-2698C>A	.	-1
NC_045512.2	23825	C	A	ORF6	gene-GU280_gp06	MODIFIER	upstream_gene_variant	transcript	TRANSCRIPT_gene-GU280_gp06	protein_coding	-1	c.-3377C>A	.	-1	-1	-1	-1	-1	-1	3377	upstream_gene_variant	NONE	c.-3377C>A	.	-1
NC_045512.2	23825	C	A	ORF7a	gene-GU280_gp07	MODIFIER	upstream_gene_variant	transcript	TRANSCRIPT_gene-GU280_gp07	protein_coding	-1	c.-3569C>A	.	-1	-1	-1	-1	-1	-1	3569	upstream_gene_variant	NONE	c.-3569C>A	.	-1
NC_045512.2	23825	C	A	ORF7b	gene-GU280_gp08	MODIFIER	upstream_gene_variant	transcript	TRANSCRIPT_gene-GU280_gp08	protein_coding	-1	c.-3931C>A	.	-1	-1	-1	-1	-1	-1	3931	upstream_gene_variant	NONE	c.-3931C>A	.	-1
NC_045512.2	23825	C	A	ORF8	gene-GU280_gp09	MODIFIER	upstream_gene_variant	transcript	TRANSCRIPT_gene-GU280_gp09	protein_coding	-1	c.-4069C>A	.	-1	-1	-1	-1	-1	-1	4069	upstream_gene_variant	NONE	c.-4069C>A	.	-1
NC_045512.2	23825	C	A	N	gene-GU280_gp10	MODIFIER	upstream_gene_variant	transcript	TRANSCRIPT_gene-GU280_gp10	protein_coding	-1	c.-4449C>A	.	-1	-1	-1	-1	-1	-1	4449	upstream_gene_variant	NONE	c.-4449C>A	.	-1
NC_045512.2	23825	C	A	ORF1ab	gene-GU280_gp01	MODIFIER	downstream_gene_variant	transcript	TRANSCRIPT_gene-GU280_gp01	protein_coding	-1	c.*2270C>A	.	-1	-1	-1	-1	-1	-1	2270	downstream_gene_variant	NONE	c.*2270C>A	.	-1
NC_045512.2	23850	TA	T	S	gene-GU280_gp02	HIGH	frameshift_variant	transcript	TRANSCRIPT_gene-GU280_gp02	protein_coding	1	c.2291delA	p.Asn764fs	2291	3822	2291	3822	764	1273	0	frameshift_variant	NONE	c.2291delA	p.Asn764fs	1273
NC_045512.2	23850	TA	T	ORF3a	gene-GU280_gp03	MODIFIER	upstream_gene_variant	transcript	TRANSCRIPT_gene-GU280_gp03	protein_coding	-1	c.-1542delA	.	-1	-1	-1	-1	-1	-1	1542	upstream_gene_variant	NONE	c.-1542delA	.	-1
NC_045512.2	23850	TA	T	E	gene-GU280_gp04	MODIFIER	upstream_gene_variant	transcript	TRANSCRIPT_gene-GU280_gp04	protein_coding	-1	c.-2394delA	.	-1	-1	-1	-1	-1	-1	2394	upstream_gene_variant	NONE	c.-2394delA	.	-1
NC_045512.2	23850	TA	T	M	gene-GU280_gp05	MODIFIER	upstream_gene_variant	transcript	TRANSCRIPT_gene-GU280_gp05	protein_coding	-1	c.-2672delA	.	-1	-1	-1	-1	-1	-1	2672	upstream_gene_variant	NONE	c.-2672delA	.	-1
NC_045512.2	23850	TA	T	ORF6	gene-GU280_gp06	MODIFIER	upstream_gene_variant	transcript	TRANSCRIPT_gene-GU280_gp06	protein_coding	-1	c.-3351delA	.	-1	-1	-1	-1	-1	-1	3351	upstream_gene_variant	NONE	c.-3351delA	.	-1
NC_045512.2	23850	TA	T	ORF7a	gene-GU280_gp07	MODIFIER	upstream_gene_variant	transcript	TRANSCRIPT_gene-GU280_gp07	protein_coding	-1	c.-3543delA	.	-1	-1	-1	-1	-1	-1	3543	upstream_gene_variant	NONE	c.-3543delA	.	-1
NC_045512.2	23850	TA	T	ORF7b	gene-GU280_gp08	MODIFIER	upstream_gene_variant	transcript	TRANSCRIPT_gene-GU280_gp08	protein_coding	-1	c.-3905delA	.	-1	-1	-1	-1	-1	-1	3905	upstream_gene_variant	NONE	c.-3905delA	.	-1
NC_045512.2	23850	TA	T	ORF8	gene-GU280_gp09	MODIFIER	upstream_gene_variant	transcript	TRANSCRIPT_gene-GU280_gp09	protein_coding	-1	c.-4043delA	.	-1	-1	-1	-1	-1	-1	4043	upstream_gene_variant	NONE	c.-4043delA	.	-1
NC_045512.2	23850	TA	T	N	gene-GU280_gp10	MODIFIER	upstream_gene_variant	transcript	TRANSCRIPT_gene-GU280_gp10	protein_coding	-1	c.-4423delA	.	-1	-1	-1	-1	-1	-1	4423	upstream_gene_variant	NONE	c.-4423delA	.	-1
NC_045512.2	23850	TA	T	ORF1ab	gene-GU280_gp01	MODIFIER	downstream_gene_variant	transcript	TRANSCRIPT_gene-GU280_gp01	protein_coding	-1	c.*2296delA	.	-1	-1	-1	-1	-1	-1	2296	downstream_gene_variant	NONE	c.*2296delA	.	-1
NC_045512.2	23859	CT	C	S	gene-GU280_gp02	HIGH	frameshift_variant	transcript	TRANSCRIPT_gene-GU280_gp02	protein_coding	1	c.2300delT	p.Leu767fs	2300	3822	2300	3822	767	1273	0	frameshift_variant	NONE	c.2300delT	p.Leu767fs	1273
NC_045512.2	23859	CT	C	ORF3a	gene-GU280_gp03	MODIFIER	upstream_gene_variant	transcript	TRANSCRIPT_gene-GU280_gp03	protein_coding	-1	c.-1533delT	.	-1	-1	-1	-1	-1	-1	1533	upstream_gene_variant	NONE	c.-1533delT	.	-1
NC_045512.2	23859	CT	C	E	gene-GU280_gp04	MODIFIER	upstream_gene_variant	transcript	TRANSCRIPT_gene-GU280_gp04	protein_coding	-1	c.-2385delT	.	-1	-1	-1	-1	-1	-1	2385	upstream_gene_variant	NONE	c.-2385delT	.	-1
NC_045512.2	23859	CT	C	M	gene-GU280_gp05	MODIFIER	upstream_gene_variant	transcript	TRANSCRIPT_gene-GU280_gp05	protein_coding	-1	c.-2663delT	.	-1	-1	-1	-1	-1	-1	2663	upstream_gene_variant	NONE	c.-2663delT	.	-1
NC_045512.2	23859	CT	C	ORF6	gene-GU280_gp06	MODIFIER	upstream_gene_variant	transcript	TRANSCRIPT_gene-GU280_gp06	protein_coding	-1	c.-3342delT	.	-1	-1	-1	-1	-1	-1	3342	upstream_gene_variant	NONE	c.-3342delT	.	-1
NC_045512.2	23859	CT	C	ORF7a	gene-GU280_gp07	MODIFIER	upstream_gene_variant	transcript	TRANSCRIPT_gene-GU280_gp07	protein_coding	-1	c.-3534delT	.	-1	-1	-1	-1	-1	-1	3534	upstream_gene_variant	NONE	c.-3534delT	.	-1
NC_045512.2	23859	CT	C	ORF7b	gene-GU280_gp08	MODIFIER	upstream_gene_variant	transcript	TRANSCRIPT_gene-GU280_gp08	protein_coding	-1	c.-3896delT	.	-1	-1	-1	-1	-1	-1	3896	upstream_gene_variant	NONE	c.-3896delT	.	-1
NC_045512.2	23859	CT	C	ORF8	gene-GU280_gp09	MODIFIER	upstream_gene_variant	transcript	TRANSCRIPT_gene-GU280_gp09	protein_coding	-1	c.-4034delT	.	-1	-1	-1	-1	-1	-1	4034	upstream_gene_variant	NONE	c.-4034delT	.	-1
NC_045512.2	23859	CT	C	N	gene-GU280_gp10	MODIFIER	upstream_gene_variant	transcript	TRANSCRIPT_gene-GU280_gp10	protein_coding	-1	c.-4414delT	.	-1	-1	-1	-1	-1	-1	4414	upstream_gene_variant	NONE	c.-4414delT	.	-1
NC_045512.2	23859	CT	C	ORF1ab	gene-GU280_gp01	MODIFIER	downstream_gene_variant	transcript	TRANSCRIPT_gene-GU280_gp01	protein_coding	-1	c.*2305delT	.	-1	-1	-1	-1	-1	-1	2305	downstream_gene_variant	NONE	c.*2305delT	.	-1
NC_045512.2	23875	T	C	S	gene-GU280_gp02	LOW	synonymous_variant	transcript	TRANSCRIPT_gene-GU280_gp02	protein_coding	1	c.2313T>C	p.Ala771Ala	2313	3822	2313	3822	771	1273	0	synonymous_variant	NONE	c.2313T>C	p.Ala771Ala	1273
NC_045512.2	23875	T	C	ORF3a	gene-GU280_gp03	MODIFIER	upstream_gene_variant	transcript	TRANSCRIPT_gene-GU280_gp03	protein_coding	-1	c.-1518T>C	.	-1	-1	-1	-1	-1	-1	1518	upstream_gene_variant	NONE	c.-1518T>C	.	-1
NC_045512.2	23875	T	C	E	gene-GU280_gp04	MODIFIER	upstream_gene_variant	transcript	TRANSCRIPT_gene-GU280_gp04	protein_coding	-1	c.-2370T>C	.	-1	-1	-1	-1	-1	-1	2370	upstream_gene_variant	NONE	c.-2370T>C	.	-1
NC_045512.2	23875	T	C	M	gene-GU280_gp05	MODIFIER	upstream_gene_variant	transcript	TRANSCRIPT_gene-GU280_gp05	protein_coding	-1	c.-2648T>C	.	-1	-1	-1	-1	-1	-1	2648	upstream_gene_variant	NONE	c.-2648T>C	.	-1
NC_045512.2	23875	T	C	ORF6	gene-GU280_gp06	MODIFIER	upstream_gene_variant	transcript	TRANSCRIPT_gene-GU280_gp06	protein_coding	-1	c.-3327T>C	.	-1	-1	-1	-1	-1	-1	3327	upstream_gene_variant	NONE	c.-3327T>C	.	-1
NC_045512.2	23875	T	C	ORF7a	gene-GU280_gp07	MODIFIER	upstream_gene_variant	transcript	TRANSCRIPT_gene-GU280_gp07	protein_coding	-1	c.-3519T>C	.	-1	-1	-1	-1	-1	-1	3519	upstream_gene_variant	NONE	c.-3519T>C	.	-1
NC_045512.2	23875	T	C	ORF7b	gene-GU280_gp08	MODIFIER	upstream_gene_variant	transcript	TRANSCRIPT_gene-GU280_gp08	protein_coding	-1	c.-3881T>C	.	-1	-1	-1	-1	-1	-1	3881	upstream_gene_variant	NONE	c.-3881T>C	.	-1
NC_045512.2	23875	T	C	ORF8	gene-GU280_gp09	MODIFIER	upstream_gene_variant	transcript	TRANSCRIPT_gene-GU280_gp09	protein_coding	-1	c.-4019T>C	.	-1	-1	-1	-1	-1	-1	4019	upstream_gene_variant	NONE	c.-4019T>C	.	-1
NC_045512.2	23875	T	C	N	gene-GU280_gp10	MODIFIER	upstream_gene_variant	transcript	TRANSCRIPT_gene-GU280_gp10	protein_coding	-1	c.-4399T>C	.	-1	-1	-1	-1	-1	-1	4399	upstream_gene_variant	NONE	c.-4399T>C	.	-1
NC_045512.2	23875	T	C	ORF1ab	gene-GU280_gp01	MODIFIER	downstream_gene_variant	transcript	TRANSCRIPT_gene-GU280_gp01	protein_coding	-1	c.*2320T>C	.	-1	-1	-1	-1	-1	-1	2320	downstream_gene_variant	NONE	c.*2320T>C	.	-1
NC_045512.2	23915	G	A	S	gene-GU280_gp02	MODERATE	missense_variant	transcript	TRANSCRIPT_gene-GU280_gp02	protein_coding	1	c.2353G>A	p.Val785Ile	2353	3822	2353	3822	785	1273	0	missense_variant	NONE	c.2353G>A	p.Val785Ile	1273
NC_045512.2	23915	G	A	ORF3a	gene-GU280_gp03	MODIFIER	upstream_gene_variant	transcript	TRANSCRIPT_gene-GU280_gp03	protein_coding	-1	c.-1478G>A	.	-1	-1	-1	-1	-1	-1	1478	upstream_gene_variant	NONE	c.-1478G>A	.	-1
NC_045512.2	23915	G	A	E	gene-GU280_gp04	MODIFIER	upstream_gene_variant	transcript	TRANSCRIPT_gene-GU280_gp04	protein_coding	-1	c.-2330G>A	.	-1	-1	-1	-1	-1	-1	2330	upstream_gene_variant	NONE	c.-2330G>A	.	-1
NC_045512.2	23915	G	A	M	gene-GU280_gp05	MODIFIER	upstream_gene_variant	transcript	TRANSCRIPT_gene-GU280_gp05	protein_coding	-1	c.-2608G>A	.	-1	-1	-1	-1	-1	-1	2608	upstream_gene_variant	NONE	c.-2608G>A	.	-1
NC_045512.2	23915	G	A	ORF6	gene-GU280_gp06	MODIFIER	upstream_gene_variant	transcript	TRANSCRIPT_gene-GU280_gp06	protein_coding	-1	c.-3287G>A	.	-1	-1	-1	-1	-1	-1	3287	upstream_gene_variant	NONE	c.-3287G>A	.	-1
NC_045512.2	23915	G	A	ORF7a	gene-GU280_gp07	MODIFIER	upstream_gene_variant	transcript	TRANSCRIPT_gene-GU280_gp07	protein_coding	-1	c.-3479G>A	.	-1	-1	-1	-1	-1	-1	3479	upstream_gene_variant	NONE	c.-3479G>A	.	-1
NC_045512.2	23915	G	A	ORF7b	gene-GU280_gp08	MODIFIER	upstream_gene_variant	transcript	TRANSCRIPT_gene-GU280_gp08	protein_coding	-1	c.-3841G>A	.	-1	-1	-1	-1	-1	-1	3841	upstream_gene_variant	NONE	c.-3841G>A	.	-1
NC_045512.2	23915	G	A	ORF8	gene-GU280_gp09	MODIFIER	upstream_gene_variant	transcript	TRANSCRIPT_gene-GU280_gp09	protein_coding	-1	c.-3979G>A	.	-1	-1	-1	-1	-1	-1	3979	upstream_gene_variant	NONE	c.-3979G>A	.	-1
NC_045512.2	23915	G	A	N	gene-GU280_gp10	MODIFIER	upstream_gene_variant	transcript	TRANSCRIPT_gene-GU280_gp10	protein_coding	-1	c.-4359G>A	.	-1	-1	-1	-1	-1	-1	4359	upstream_gene_variant	NONE	c.-4359G>A	.	-1
NC_045512.2	23915	G	A	ORF1ab	gene-GU280_gp01	MODIFIER	downstream_gene_variant	transcript	TRANSCRIPT_gene-GU280_gp01	protein_coding	-1	c.*2360G>A	.	-1	-1	-1	-1	-1	-1	2360	downstream_gene_variant	NONE	c.*2360G>A	.	-1
NC_045512.2	23944	TA	T	S	gene-GU280_gp02	HIGH	frameshift_variant	transcript	TRANSCRIPT_gene-GU280_gp02	protein_coding	1	c.2385delA	p.Asp796fs	2385	3822	2385	3822	795	1273	0	frameshift_variant	NONE	c.2385delA	p.Asp796fs	1273
NC_045512.2	23944	TA	T	ORF3a	gene-GU280_gp03	MODIFIER	upstream_gene_variant	transcript	TRANSCRIPT_gene-GU280_gp03	protein_coding	-1	c.-1448delA	.	-1	-1	-1	-1	-1	-1	1448	upstream_gene_variant	NONE	c.-1448delA	.	-1
NC_045512.2	23944	TA	T	E	gene-GU280_gp04	MODIFIER	upstream_gene_variant	transcript	TRANSCRIPT_gene-GU280_gp04	protein_coding	-1	c.-2300delA	.	-1	-1	-1	-1	-1	-1	2300	upstream_gene_variant	NONE	c.-2300delA	.	-1
NC_045512.2	23944	TA	T	M	gene-GU280_gp05	MODIFIER	upstream_gene_variant	transcript	TRANSCRIPT_gene-GU280_gp05	protein_coding	-1	c.-2578delA	.	-1	-1	-1	-1	-1	-1	2578	upstream_gene_variant	NONE	c.-2578delA	.	-1
NC_045512.2	23944	TA	T	ORF6	gene-GU280_gp06	MODIFIER	upstream_gene_variant	transcript	TRANSCRIPT_gene-GU280_gp06	protein_coding	-1	c.-3257delA	.	-1	-1	-1	-1	-1	-1	3257	upstream_gene_variant	NONE	c.-3257delA	.	-1
NC_045512.2	23944	TA	T	ORF7a	gene-GU280_gp07	MODIFIER	upstream_gene_variant	transcript	TRANSCRIPT_gene-GU280_gp07	protein_coding	-1	c.-3449delA	.	-1	-1	-1	-1	-1	-1	3449	upstream_gene_variant	NONE	c.-3449delA	.	-1
NC_045512.2	23944	TA	T	ORF7b	gene-GU280_gp08	MODIFIER	upstream_gene_variant	transcript	TRANSCRIPT_gene-GU280_gp08	protein_coding	-1	c.-3811delA	.	-1	-1	-1	-1	-1	-1	3811	upstream_gene_variant	NONE	c.-3811delA	.	-1
NC_045512.2	23944	TA	T	ORF8	gene-GU280_gp09	MODIFIER	upstream_gene_variant	transcript	TRANSCRIPT_gene-GU280_gp09	protein_coding	-1	c.-3949delA	.	-1	-1	-1	-1	-1	-1	3949	upstream_gene_variant	NONE	c.-3949delA	.	-1
NC_045512.2	23944	TA	T	N	gene-GU280_gp10	MODIFIER	upstream_gene_variant	transcript	TRANSCRIPT_gene-GU280_gp10	protein_coding	-1	c.-4329delA	.	-1	-1	-1	-1	-1	-1	4329	upstream_gene_variant	NONE	c.-4329delA	.	-1
NC_045512.2	23944	TA	T	ORF1ab	gene-GU280_gp01	MODIFIER	downstream_gene_variant	transcript	TRANSCRIPT_gene-GU280_gp01	protein_coding	-1	c.*2390delA	.	-1	-1	-1	-1	-1	-1	2390	downstream_gene_variant	NONE	c.*2390delA	.	-1
NC_045512.2	23964	A	AT	S	gene-GU280_gp02	HIGH	frameshift_variant	transcript	TRANSCRIPT_gene-GU280_gp02	protein_coding	1	c.2407dupT	p.Ser803fs	2408	3822	2408	3822	803	1273	0	frameshift_variant	NONE	c.2407dupT	p.Ser803fs	1273
NC_045512.2	23964	A	AT	ORF3a	gene-GU280_gp03	MODIFIER	upstream_gene_variant	transcript	TRANSCRIPT_gene-GU280_gp03	protein_coding	-1	c.-1429_-1428insT	.	-1	-1	-1	-1	-1	-1	1428	upstream_gene_variant	NONE	c.-1429_-1428insT	.	-1
NC_045512.2	23964	A	AT	E	gene-GU280_gp04	MODIFIER	upstream_gene_variant	transcript	TRANSCRIPT_gene-GU280_gp04	protein_coding	-1	c.-2281_-2280insT	.	-1	-1	-1	-1	-1	-1	2280	upstream_gene_variant	NONE	c.-2281_-2280insT	.	-1
NC_045512.2	23964	A	AT	M	gene-GU280_gp05	MODIFIER	upstream_gene_variant	transcript	TRANSCRIPT_gene-GU280_gp05	protein_coding	-1	c.-2559_-2558insT	.	-1	-1	-1	-1	-1	-1	2558	upstream_gene_variant	NONE	c.-2559_-2558insT	.	-1
NC_045512.2	23964	A	AT	ORF6	gene-GU280_gp06	MODIFIER	upstream_gene_variant	transcript	TRANSCRIPT_gene-GU280_gp06	protein_coding	-1	c.-3238_-3237insT	.	-1	-1	-1	-1	-1	-1	3237	upstream_gene_variant	NONE	c.-3238_-3237insT	.	-1
NC_045512.2	23964	A	AT	ORF7a	gene-GU280_gp07	MODIFIER	upstream_gene_variant	transcript	TRANSCRIPT_gene-GU280_gp07	protein_coding	-1	c.-3430_-3429insT	.	-1	-1	-1	-1	-1	-1	3429	upstream_gene_variant	NONE	c.-3430_-3429insT	.	-1
NC_045512.2	23964	A	AT	ORF7b	gene-GU280_gp08	MODIFIER	upstream_gene_variant	transcript	TRANSCRIPT_gene-GU280_gp08	protein_coding	-1	c.-3792_-3791insT	.	-1	-1	-1	-1	-1	-1	3791	upstream_gene_variant	NONE	c.-3792_-3791insT	.	-1
NC_045512.2	23964	A	AT	ORF8	gene-GU280_gp09	MODIFIER	upstream_gene_variant	transcript	TRANSCRIPT_gene-GU280_gp09	protein_coding	-1	c.-3930_-3929insT	.	-1	-1	-1	-1	-1	-1	3929	upstream_gene_variant	NONE	c.-3930_-3929insT	.	-1
NC_045512.2	23964	A	AT	N	gene-GU280_gp10	MODIFIER	upstream_gene_variant	transcript	TRANSCRIPT_gene-GU280_gp10	protein_coding	-1	c.-4310_-4309insT	.	-1	-1	-1	-1	-1	-1	4309	upstream_gene_variant	NONE	c.-4310_-4309insT	.	-1
NC_045512.2	23964	A	AT	ORF1ab	gene-GU280_gp01	MODIFIER	downstream_gene_variant	transcript	TRANSCRIPT_gene-GU280_gp01	protein_coding	-1	c.*2409_*2410insT	.	-1	-1	-1	-1	-1	-1	2410	downstream_gene_variant	NONE	c.*2409_*2410insT	.	-1
NC_045512.2	24006	G	C	S	gene-GU280_gp02	MODERATE	missense_variant	transcript	TRANSCRIPT_gene-GU280_gp02	protein_coding	1	c.2444G>C	p.Arg815Thr	2444	3822	2444	3822	815	1273	0	missense_variant	NONE	c.2444G>C	p.Arg815Thr	1273
NC_045512.2	24006	G	C	ORF3a	gene-GU280_gp03	MODIFIER	upstream_gene_variant	transcript	TRANSCRIPT_gene-GU280_gp03	protein_coding	-1	c.-1387G>C	.	-1	-1	-1	-1	-1	-1	1387	upstream_gene_variant	NONE	c.-1387G>C	.	-1
NC_045512.2	24006	G	C	E	gene-GU280_gp04	MODIFIER	upstream_gene_variant	transcript	TRANSCRIPT_gene-GU280_gp04	protein_coding	-1	c.-2239G>C	.	-1	-1	-1	-1	-1	-1	2239	upstream_gene_variant	NONE	c.-2239G>C	.	-1
NC_045512.2	24006	G	C	M	gene-GU280_gp05	MODIFIER	upstream_gene_variant	transcript	TRANSCRIPT_gene-GU280_gp05	protein_coding	-1	c.-2517G>C	.	-1	-1	-1	-1	-1	-1	2517	upstream_gene_variant	NONE	c.-2517G>C	.	-1
NC_045512.2	24006	G	C	ORF6	gene-GU280_gp06	MODIFIER	upstream_gene_variant	transcript	TRANSCRIPT_gene-GU280_gp06	protein_coding	-1	c.-3196G>C	.	-1	-1	-1	-1	-1	-1	3196	upstream_gene_variant	NONE	c.-3196G>C	.	-1
NC_045512.2	24006	G	C	ORF7a	gene-GU280_gp07	MODIFIER	upstream_gene_variant	transcript	TRANSCRIPT_gene-GU280_gp07	protein_coding	-1	c.-3388G>C	.	-1	-1	-1	-1	-1	-1	3388	upstream_gene_variant	NONE	c.-3388G>C	.	-1
NC_045512.2	24006	G	C	ORF7b	gene-GU280_gp08	MODIFIER	upstream_gene_variant	transcript	TRANSCRIPT_gene-GU280_gp08	protein_coding	-1	c.-3750G>C	.	-1	-1	-1	-1	-1	-1	3750	upstream_gene_variant	NONE	c.-3750G>C	.	-1
NC_045512.2	24006	G	C	ORF8	gene-GU280_gp09	MODIFIER	upstream_gene_variant	transcript	TRANSCRIPT_gene-GU280_gp09	protein_coding	-1	c.-3888G>C	.	-1	-1	-1	-1	-1	-1	3888	upstream_gene_variant	NONE	c.-3888G>C	.	-1
NC_045512.2	24006	G	C	N	gene-GU280_gp10	MODIFIER	upstream_gene_variant	transcript	TRANSCRIPT_gene-GU280_gp10	protein_coding	-1	c.-4268G>C	.	-1	-1	-1	-1	-1	-1	4268	upstream_gene_variant	NONE	c.-4268G>C	.	-1
NC_045512.2	24006	G	C	ORF1ab	gene-GU280_gp01	MODIFIER	downstream_gene_variant	transcript	TRANSCRIPT_gene-GU280_gp01	protein_coding	-1	c.*2451G>C	.	-1	-1	-1	-1	-1	-1	2451	downstream_gene_variant	NONE	c.*2451G>C	.	-1
NC_045512.2	24096	C	T	S	gene-GU280_gp02	MODERATE	missense_variant	transcript	TRANSCRIPT_gene-GU280_gp02	protein_coding	1	c.2534C>T	p.Ala845Val	2534	3822	2534	3822	845	1273	0	missense_variant	NONE	c.2534C>T	p.Ala845Val	1273
NC_045512.2	24096	C	T	ORF3a	gene-GU280_gp03	MODIFIER	upstream_gene_variant	transcript	TRANSCRIPT_gene-GU280_gp03	protein_coding	-1	c.-1297C>T	.	-1	-1	-1	-1	-1	-1	1297	upstream_gene_variant	NONE	c.-1297C>T	.	-1
NC_045512.2	24096	C	T	E	gene-GU280_gp04	MODIFIER	upstream_gene_variant	transcript	TRANSCRIPT_gene-GU280_gp04	protein_coding	-1	c.-2149C>T	.	-1	-1	-1	-1	-1	-1	2149	upstream_gene_variant	NONE	c.-2149C>T	.	-1
NC_045512.2	24096	C	T	M	gene-GU280_gp05	MODIFIER	upstream_gene_variant	transcript	TRANSCRIPT_gene-GU280_gp05	protein_coding	-1	c.-2427C>T	.	-1	-1	-1	-1	-1	-1	2427	upstream_gene_variant	NONE	c.-2427C>T	.	-1
NC_045512.2	24096	C	T	ORF6	gene-GU280_gp06	MODIFIER	upstream_gene_variant	transcript	TRANSCRIPT_gene-GU280_gp06	protein_coding	-1	c.-3106C>T	.	-1	-1	-1	-1	-1	-1	3106	upstream_gene_variant	NONE	c.-3106C>T	.	-1
NC_045512.2	24096	C	T	ORF7a	gene-GU280_gp07	MODIFIER	upstream_gene_variant	transcript	TRANSCRIPT_gene-GU280_gp07	protein_coding	-1	c.-3298C>T	.	-1	-1	-1	-1	-1	-1	3298	upstream_gene_variant	NONE	c.-3298C>T	.	-1
NC_045512.2	24096	C	T	ORF7b	gene-GU280_gp08	MODIFIER	upstream_gene_variant	transcript	TRANSCRIPT_gene-GU280_gp08	protein_coding	-1	c.-3660C>T	.	-1	-1	-1	-1	-1	-1	3660	upstream_gene_variant	NONE	c.-3660C>T	.	-1
NC_045512.2	24096	C	T	ORF8	gene-GU280_gp09	MODIFIER	upstream_gene_variant	transcript	TRANSCRIPT_gene-GU280_gp09	protein_coding	-1	c.-3798C>T	.	-1	-1	-1	-1	-1	-1	3798	upstream_gene_variant	NONE	c.-3798C>T	.	-1
NC_045512.2	24096	C	T	N	gene-GU280_gp10	MODIFIER	upstream_gene_variant	transcript	TRANSCRIPT_gene-GU280_gp10	protein_coding	-1	c.-4178C>T	.	-1	-1	-1	-1	-1	-1	4178	upstream_gene_variant	NONE	c.-4178C>T	.	-1
NC_045512.2	24096	C	T	ORF1ab	gene-GU280_gp01	MODIFIER	downstream_gene_variant	transcript	TRANSCRIPT_gene-GU280_gp01	protein_coding	-1	c.*2541C>T	.	-1	-1	-1	-1	-1	-1	2541	downstream_gene_variant	NONE	c.*2541C>T	.	-1
NC_045512.2	24108	T	C	S	gene-GU280_gp02	MODERATE	missense_variant	transcript	TRANSCRIPT_gene-GU280_gp02	protein_coding	1	c.2546T>C	p.Leu849Pro	2546	3822	2546	3822	849	1273	0	missense_variant	NONE	c.2546T>C	p.Leu849Pro	1273
NC_045512.2	24108	T	C	ORF3a	gene-GU280_gp03	MODIFIER	upstream_gene_variant	transcript	TRANSCRIPT_gene-GU280_gp03	protein_coding	-1	c.-1285T>C	.	-1	-1	-1	-1	-1	-1	1285	upstream_gene_variant	NONE	c.-1285T>C	.	-1
NC_045512.2	24108	T	C	E	gene-GU280_gp04	MODIFIER	upstream_gene_variant	transcript	TRANSCRIPT_gene-GU280_gp04	protein_coding	-1	c.-2137T>C	.	-1	-1	-1	-1	-1	-1	2137	upstream_gene_variant	NONE	c.-2137T>C	.	-1
NC_045512.2	24108	T	C	M	gene-GU280_gp05	MODIFIER	upstream_gene_variant	transcript	TRANSCRIPT_gene-GU280_gp05	protein_coding	-1	c.-2415T>C	.	-1	-1	-1	-1	-1	-1	2415	upstream_gene_variant	NONE	c.-2415T>C	.	-1
NC_045512.2	24108	T	C	ORF6	gene-GU280_gp06	MODIFIER	upstream_gene_variant	transcript	TRANSCRIPT_gene-GU280_gp06	protein_coding	-1	c.-3094T>C	.	-1	-1	-1	-1	-1	-1	3094	upstream_gene_variant	NONE	c.-3094T>C	.	-1
NC_045512.2	24108	T	C	ORF7a	gene-GU280_gp07	MODIFIER	upstream_gene_variant	transcript	TRANSCRIPT_gene-GU280_gp07	protein_coding	-1	c.-3286T>C	.	-1	-1	-1	-1	-1	-1	3286	upstream_gene_variant	NONE	c.-3286T>C	.	-1
NC_045512.2	24108	T	C	ORF7b	gene-GU280_gp08	MODIFIER	upstream_gene_variant	transcript	TRANSCRIPT_gene-GU280_gp08	protein_coding	-1	c.-3648T>C	.	-1	-1	-1	-1	-1	-1	3648	upstream_gene_variant	NONE	c.-3648T>C	.	-1
NC_045512.2	24108	T	C	ORF8	gene-GU280_gp09	MODIFIER	upstream_gene_variant	transcript	TRANSCRIPT_gene-GU280_gp09	protein_coding	-1	c.-3786T>C	.	-1	-1	-1	-1	-1	-1	3786	upstream_gene_variant	NONE	c.-3786T>C	.	-1
NC_045512.2	24108	T	C	N	gene-GU280_gp10	MODIFIER	upstream_gene_variant	transcript	TRANSCRIPT_gene-GU280_gp10	protein_coding	-1	c.-4166T>C	.	-1	-1	-1	-1	-1	-1	4166	upstream_gene_variant	NONE	c.-4166T>C	.	-1
NC_045512.2	24108	T	C	ORF1ab	gene-GU280_gp01	MODIFIER	downstream_gene_variant	transcript	TRANSCRIPT_gene-GU280_gp01	protein_coding	-1	c.*2553T>C	.	-1	-1	-1	-1	-1	-1	2553	downstream_gene_variant	NONE	c.*2553T>C	.	-1
NC_045512.2	24113	T	C	S	gene-GU280_gp02	MODERATE	missense_variant	transcript	TRANSCRIPT_gene-GU280_gp02	protein_coding	1	c.2551T>C	p.Cys851Arg	2551	3822	2551	3822	851	1273	0	missense_variant	NONE	c.2551T>C	p.Cys851Arg	1273
NC_045512.2	24113	T	C	ORF3a	gene-GU280_gp03	MODIFIER	upstream_gene_variant	transcript	TRANSCRIPT_gene-GU280_gp03	protein_coding	-1	c.-1280T>C	.	-1	-1	-1	-1	-1	-1	1280	upstream_gene_variant	NONE	c.-1280T>C	.	-1
NC_045512.2	24113	T	C	E	gene-GU280_gp04	MODIFIER	upstream_gene_variant	transcript	TRANSCRIPT_gene-GU280_gp04	protein_coding	-1	c.-2132T>C	.	-1	-1	-1	-1	-1	-1	2132	upstream_gene_variant	NONE	c.-2132T>C	.	-1
NC_045512.2	24113	T	C	M	gene-GU280_gp05	MODIFIER	upstream_gene_variant	transcript	TRANSCRIPT_gene-GU280_gp05	protein_coding	-1	c.-2410T>C	.	-1	-1	-1	-1	-1	-1	2410	upstream_gene_variant	NONE	c.-2410T>C	.	-1
NC_045512.2	24113	T	C	ORF6	gene-GU280_gp06	MODIFIER	upstream_gene_variant	transcript	TRANSCRIPT_gene-GU280_gp06	protein_coding	-1	c.-3089T>C	.	-1	-1	-1	-1	-1	-1	3089	upstream_gene_variant	NONE	c.-3089T>C	.	-1
NC_045512.2	24113	T	C	ORF7a	gene-GU280_gp07	MODIFIER	upstream_gene_variant	transcript	TRANSCRIPT_gene-GU280_gp07	protein_coding	-1	c.-3281T>C	.	-1	-1	-1	-1	-1	-1	3281	upstream_gene_variant	NONE	c.-3281T>C	.	-1
NC_045512.2	24113	T	C	ORF7b	gene-GU280_gp08	MODIFIER	upstream_gene_variant	transcript	TRANSCRIPT_gene-GU280_gp08	protein_coding	-1	c.-3643T>C	.	-1	-1	-1	-1	-1	-1	3643	upstream_gene_variant	NONE	c.-3643T>C	.	-1
NC_045512.2	24113	T	C	ORF8	gene-GU280_gp09	MODIFIER	upstream_gene_variant	transcript	TRANSCRIPT_gene-GU280_gp09	protein_coding	-1	c.-3781T>C	.	-1	-1	-1	-1	-1	-1	3781	upstream_gene_variant	NONE	c.-3781T>C	.	-1
NC_045512.2	24113	T	C	N	gene-GU280_gp10	MODIFIER	upstream_gene_variant	transcript	TRANSCRIPT_gene-GU280_gp10	protein_coding	-1	c.-4161T>C	.	-1	-1	-1	-1	-1	-1	4161	upstream_gene_variant	NONE	c.-4161T>C	.	-1
NC_045512.2	24113	T	C	ORF1ab	gene-GU280_gp01	MODIFIER	downstream_gene_variant	transcript	TRANSCRIPT_gene-GU280_gp01	protein_coding	-1	c.*2558T>C	.	-1	-1	-1	-1	-1	-1	2558	downstream_gene_variant	NONE	c.*2558T>C	.	-1
NC_045512.2	24119	CA	C	S	gene-GU280_gp02	HIGH	frameshift_variant	transcript	TRANSCRIPT_gene-GU280_gp02	protein_coding	1	c.2561delA	p.Lys854fs	2561	3822	2561	3822	854	1273	0	frameshift_variant	NONE	c.2561delA	p.Lys854fs	1273
NC_045512.2	24119	CA	C	ORF3a	gene-GU280_gp03	MODIFIER	upstream_gene_variant	transcript	TRANSCRIPT_gene-GU280_gp03	protein_coding	-1	c.-1273delA	.	-1	-1	-1	-1	-1	-1	1273	upstream_gene_variant	NONE	c.-1273delA	.	-1
NC_045512.2	24119	CA	C	E	gene-GU280_gp04	MODIFIER	upstream_gene_variant	transcript	TRANSCRIPT_gene-GU280_gp04	protein_coding	-1	c.-2125delA	.	-1	-1	-1	-1	-1	-1	2125	upstream_gene_variant	NONE	c.-2125delA	.	-1
NC_045512.2	24119	CA	C	M	gene-GU280_gp05	MODIFIER	upstream_gene_variant	transcript	TRANSCRIPT_gene-GU280_gp05	protein_coding	-1	c.-2403delA	.	-1	-1	-1	-1	-1	-1	2403	upstream_gene_variant	NONE	c.-2403delA	.	-1
NC_045512.2	24119	CA	C	ORF6	gene-GU280_gp06	MODIFIER	upstream_gene_variant	transcript	TRANSCRIPT_gene-GU280_gp06	protein_coding	-1	c.-3082delA	.	-1	-1	-1	-1	-1	-1	3082	upstream_gene_variant	NONE	c.-3082delA	.	-1
NC_045512.2	24119	CA	C	ORF7a	gene-GU280_gp07	MODIFIER	upstream_gene_variant	transcript	TRANSCRIPT_gene-GU280_gp07	protein_coding	-1	c.-3274delA	.	-1	-1	-1	-1	-1	-1	3274	upstream_gene_variant	NONE	c.-3274delA	.	-1
NC_045512.2	24119	CA	C	ORF7b	gene-GU280_gp08	MODIFIER	upstream_gene_variant	transcript	TRANSCRIPT_gene-GU280_gp08	protein_coding	-1	c.-3636delA	.	-1	-1	-1	-1	-1	-1	3636	upstream_gene_variant	NONE	c.-3636delA	.	-1
NC_045512.2	24119	CA	C	ORF8	gene-GU280_gp09	MODIFIER	upstream_gene_variant	transcript	TRANSCRIPT_gene-GU280_gp09	protein_coding	-1	c.-3774delA	.	-1	-1	-1	-1	-1	-1	3774	upstream_gene_variant	NONE	c.-3774delA	.	-1
NC_045512.2	24119	CA	C	N	gene-GU280_gp10	MODIFIER	upstream_gene_variant	transcript	TRANSCRIPT_gene-GU280_gp10	protein_coding	-1	c.-4154delA	.	-1	-1	-1	-1	-1	-1	4154	upstream_gene_variant	NONE	c.-4154delA	.	-1
NC_045512.2	24119	CA	C	ORF1ab	gene-GU280_gp01	MODIFIER	downstream_gene_variant	transcript	TRANSCRIPT_gene-GU280_gp01	protein_coding	-1	c.*2565delA	.	-1	-1	-1	-1	-1	-1	2565	downstream_gene_variant	NONE	c.*2565delA	.	-1
NC_045512.2	24151	T	C	S	gene-GU280_gp02	LOW	synonymous_variant	transcript	TRANSCRIPT_gene-GU280_gp02	protein_coding	1	c.2589T>C	p.Pro863Pro	2589	3822	2589	3822	863	1273	0	synonymous_variant	NONE	c.2589T>C	p.Pro863Pro	1273
NC_045512.2	24151	T	C	ORF3a	gene-GU280_gp03	MODIFIER	upstream_gene_variant	transcript	TRANSCRIPT_gene-GU280_gp03	protein_coding	-1	c.-1242T>C	.	-1	-1	-1	-1	-1	-1	1242	upstream_gene_variant	NONE	c.-1242T>C	.	-1
NC_045512.2	24151	T	C	E	gene-GU280_gp04	MODIFIER	upstream_gene_variant	transcript	TRANSCRIPT_gene-GU280_gp04	protein_coding	-1	c.-2094T>C	.	-1	-1	-1	-1	-1	-1	2094	upstream_gene_variant	NONE	c.-2094T>C	.	-1
NC_045512.2	24151	T	C	M	gene-GU280_gp05	MODIFIER	upstream_gene_variant	transcript	TRANSCRIPT_gene-GU280_gp05	protein_coding	-1	c.-2372T>C	.	-1	-1	-1	-1	-1	-1	2372	upstream_gene_variant	NONE	c.-2372T>C	.	-1
NC_045512.2	24151	T	C	ORF6	gene-GU280_gp06	MODIFIER	upstream_gene_variant	transcript	TRANSCRIPT_gene-GU280_gp06	protein_coding	-1	c.-3051T>C	.	-1	-1	-1	-1	-1	-1	3051	upstream_gene_variant	NONE	c.-3051T>C	.	-1
NC_045512.2	24151	T	C	ORF7a	gene-GU280_gp07	MODIFIER	upstream_gene_variant	transcript	TRANSCRIPT_gene-GU280_gp07	protein_coding	-1	c.-3243T>C	.	-1	-1	-1	-1	-1	-1	3243	upstream_gene_variant	NONE	c.-3243T>C	.	-1
NC_045512.2	24151	T	C	ORF7b	gene-GU280_gp08	MODIFIER	upstream_gene_variant	transcript	TRANSCRIPT_gene-GU280_gp08	protein_coding	-1	c.-3605T>C	.	-1	-1	-1	-1	-1	-1	3605	upstream_gene_variant	NONE	c.-3605T>C	.	-1
NC_045512.2	24151	T	C	ORF8	gene-GU280_gp09	MODIFIER	upstream_gene_variant	transcript	TRANSCRIPT_gene-GU280_gp09	protein_coding	-1	c.-3743T>C	.	-1	-1	-1	-1	-1	-1	3743	upstream_gene_variant	NONE	c.-3743T>C	.	-1
NC_045512.2	24151	T	C	N	gene-GU280_gp10	MODIFIER	upstream_gene_variant	transcript	TRANSCRIPT_gene-GU280_gp10	protein_coding	-1	c.-4123T>C	.	-1	-1	-1	-1	-1	-1	4123	upstream_gene_variant	NONE	c.-4123T>C	.	-1
NC_045512.2	24151	T	C	ORF1ab	gene-GU280_gp01	MODIFIER	downstream_gene_variant	transcript	TRANSCRIPT_gene-GU280_gp01	protein_coding	-1	c.*2596T>C	.	-1	-1	-1	-1	-1	-1	2596	downstream_gene_variant	NONE	c.*2596T>C	.	-1
NC_045512.2	24173	G	A	S	gene-GU280_gp02	MODERATE	missense_variant	transcript	TRANSCRIPT_gene-GU280_gp02	protein_coding	1	c.2611G>A	p.Ala871Thr	2611	3822	2611	3822	871	1273	0	missense_variant	NONE	c.2611G>A	p.Ala871Thr	1273
NC_045512.2	24173	G	A	ORF3a	gene-GU280_gp03	MODIFIER	upstream_gene_variant	transcript	TRANSCRIPT_gene-GU280_gp03	protein_coding	-1	c.-1220G>A	.	-1	-1	-1	-1	-1	-1	1220	upstream_gene_variant	NONE	c.-1220G>A	.	-1
NC_045512.2	24173	G	A	E	gene-GU280_gp04	MODIFIER	upstream_gene_variant	transcript	TRANSCRIPT_gene-GU280_gp04	protein_coding	-1	c.-2072G>A	.	-1	-1	-1	-1	-1	-1	2072	upstream_gene_variant	NONE	c.-2072G>A	.	-1
NC_045512.2	24173	G	A	M	gene-GU280_gp05	MODIFIER	upstream_gene_variant	transcript	TRANSCRIPT_gene-GU280_gp05	protein_coding	-1	c.-2350G>A	.	-1	-1	-1	-1	-1	-1	2350	upstream_gene_variant	NONE	c.-2350G>A	.	-1
NC_045512.2	24173	G	A	ORF6	gene-GU280_gp06	MODIFIER	upstream_gene_variant	transcript	TRANSCRIPT_gene-GU280_gp06	protein_coding	-1	c.-3029G>A	.	-1	-1	-1	-1	-1	-1	3029	upstream_gene_variant	NONE	c.-3029G>A	.	-1
NC_045512.2	24173	G	A	ORF7a	gene-GU280_gp07	MODIFIER	upstream_gene_variant	transcript	TRANSCRIPT_gene-GU280_gp07	protein_coding	-1	c.-3221G>A	.	-1	-1	-1	-1	-1	-1	3221	upstream_gene_variant	NONE	c.-3221G>A	.	-1
NC_045512.2	24173	G	A	ORF7b	gene-GU280_gp08	MODIFIER	upstream_gene_variant	transcript	TRANSCRIPT_gene-GU280_gp08	protein_coding	-1	c.-3583G>A	.	-1	-1	-1	-1	-1	-1	3583	upstream_gene_variant	NONE	c.-3583G>A	.	-1
NC_045512.2	24173	G	A	ORF8	gene-GU280_gp09	MODIFIER	upstream_gene_variant	transcript	TRANSCRIPT_gene-GU280_gp09	protein_coding	-1	c.-3721G>A	.	-1	-1	-1	-1	-1	-1	3721	upstream_gene_variant	NONE	c.-3721G>A	.	-1
NC_045512.2	24173	G	A	N	gene-GU280_gp10	MODIFIER	upstream_gene_variant	transcript	TRANSCRIPT_gene-GU280_gp10	protein_coding	-1	c.-4101G>A	.	-1	-1	-1	-1	-1	-1	4101	upstream_gene_variant	NONE	c.-4101G>A	.	-1
NC_045512.2	24173	G	A	ORF1ab	gene-GU280_gp01	MODIFIER	downstream_gene_variant	transcript	TRANSCRIPT_gene-GU280_gp01	protein_coding	-1	c.*2618G>A	.	-1	-1	-1	-1	-1	-1	2618	downstream_gene_variant	NONE	c.*2618G>A	.	-1
NC_045512.2	24234	G	C	S	gene-GU280_gp02	MODERATE	missense_variant	transcript	TRANSCRIPT_gene-GU280_gp02	protein_coding	1	c.2672G>C	p.Gly891Ala	2672	3822	2672	3822	891	1273	0	missense_variant	NONE	c.2672G>C	p.Gly891Ala	1273
NC_045512.2	24234	G	C	ORF3a	gene-GU280_gp03	MODIFIER	upstream_gene_variant	transcript	TRANSCRIPT_gene-GU280_gp03	protein_coding	-1	c.-1159G>C	.	-1	-1	-1	-1	-1	-1	1159	upstream_gene_variant	NONE	c.-1159G>C	.	-1
NC_045512.2	24234	G	C	E	gene-GU280_gp04	MODIFIER	upstream_gene_variant	transcript	TRANSCRIPT_gene-GU280_gp04	protein_coding	-1	c.-2011G>C	.	-1	-1	-1	-1	-1	-1	2011	upstream_gene_variant	NONE	c.-2011G>C	.	-1
NC_045512.2	24234	G	C	M	gene-GU280_gp05	MODIFIER	upstream_gene_variant	transcript	TRANSCRIPT_gene-GU280_gp05	protein_coding	-1	c.-2289G>C	.	-1	-1	-1	-1	-1	-1	2289	upstream_gene_variant	NONE	c.-2289G>C	.	-1
NC_045512.2	24234	G	C	ORF6	gene-GU280_gp06	MODIFIER	upstream_gene_variant	transcript	TRANSCRIPT_gene-GU280_gp06	protein_coding	-1	c.-2968G>C	.	-1	-1	-1	-1	-1	-1	2968	upstream_gene_variant	NONE	c.-2968G>C	.	-1
NC_045512.2	24234	G	C	ORF7a	gene-GU280_gp07	MODIFIER	upstream_gene_variant	transcript	TRANSCRIPT_gene-GU280_gp07	protein_coding	-1	c.-3160G>C	.	-1	-1	-1	-1	-1	-1	3160	upstream_gene_variant	NONE	c.-3160G>C	.	-1
NC_045512.2	24234	G	C	ORF7b	gene-GU280_gp08	MODIFIER	upstream_gene_variant	transcript	TRANSCRIPT_gene-GU280_gp08	protein_coding	-1	c.-3522G>C	.	-1	-1	-1	-1	-1	-1	3522	upstream_gene_variant	NONE	c.-3522G>C	.	-1
NC_045512.2	24234	G	C	ORF8	gene-GU280_gp09	MODIFIER	upstream_gene_variant	transcript	TRANSCRIPT_gene-GU280_gp09	protein_coding	-1	c.-3660G>C	.	-1	-1	-1	-1	-1	-1	3660	upstream_gene_variant	NONE	c.-3660G>C	.	-1
NC_045512.2	24234	G	C	N	gene-GU280_gp10	MODIFIER	upstream_gene_variant	transcript	TRANSCRIPT_gene-GU280_gp10	protein_coding	-1	c.-4040G>C	.	-1	-1	-1	-1	-1	-1	4040	upstream_gene_variant	NONE	c.-4040G>C	.	-1
NC_045512.2	24234	G	C	ORF1ab	gene-GU280_gp01	MODIFIER	downstream_gene_variant	transcript	TRANSCRIPT_gene-GU280_gp01	protein_coding	-1	c.*2679G>C	.	-1	-1	-1	-1	-1	-1	2679	downstream_gene_variant	NONE	c.*2679G>C	.	-1
NC_045512.2	24245	CA	C	S	gene-GU280_gp02	HIGH	frameshift_variant	transcript	TRANSCRIPT_gene-GU280_gp02	protein_coding	1	c.2686delA	p.Ile896fs	2686	3822	2686	3822	896	1273	0	frameshift_variant	NONE	c.2686delA	p.Ile896fs	1273
NC_045512.2	24245	CA	C	ORF3a	gene-GU280_gp03	MODIFIER	upstream_gene_variant	transcript	TRANSCRIPT_gene-GU280_gp03	protein_coding	-1	c.-1147delA	.	-1	-1	-1	-1	-1	-1	1147	upstream_gene_variant	NONE	c.-1147delA	.	-1
NC_045512.2	24245	CA	C	E	gene-GU280_gp04	MODIFIER	upstream_gene_variant	transcript	TRANSCRIPT_gene-GU280_gp04	protein_coding	-1	c.-1999delA	.	-1	-1	-1	-1	-1	-1	1999	upstream_gene_variant	NONE	c.-1999delA	.	-1
NC_045512.2	24245	CA	C	M	gene-GU280_gp05	MODIFIER	upstream_gene_variant	transcript	TRANSCRIPT_gene-GU280_gp05	protein_coding	-1	c.-2277delA	.	-1	-1	-1	-1	-1	-1	2277	upstream_gene_variant	NONE	c.-2277delA	.	-1
NC_045512.2	24245	CA	C	ORF6	gene-GU280_gp06	MODIFIER	upstream_gene_variant	transcript	TRANSCRIPT_gene-GU280_gp06	protein_coding	-1	c.-2956delA	.	-1	-1	-1	-1	-1	-1	2956	upstream_gene_variant	NONE	c.-2956delA	.	-1
NC_045512.2	24245	CA	C	ORF7a	gene-GU280_gp07	MODIFIER	upstream_gene_variant	transcript	TRANSCRIPT_gene-GU280_gp07	protein_coding	-1	c.-3148delA	.	-1	-1	-1	-1	-1	-1	3148	upstream_gene_variant	NONE	c.-3148delA	.	-1
NC_045512.2	24245	CA	C	ORF7b	gene-GU280_gp08	MODIFIER	upstream_gene_variant	transcript	TRANSCRIPT_gene-GU280_gp08	protein_coding	-1	c.-3510delA	.	-1	-1	-1	-1	-1	-1	3510	upstream_gene_variant	NONE	c.-3510delA	.	-1
NC_045512.2	24245	CA	C	ORF8	gene-GU280_gp09	MODIFIER	upstream_gene_variant	transcript	TRANSCRIPT_gene-GU280_gp09	protein_coding	-1	c.-3648delA	.	-1	-1	-1	-1	-1	-1	3648	upstream_gene_variant	NONE	c.-3648delA	.	-1
NC_045512.2	24245	CA	C	N	gene-GU280_gp10	MODIFIER	upstream_gene_variant	transcript	TRANSCRIPT_gene-GU280_gp10	protein_coding	-1	c.-4028delA	.	-1	-1	-1	-1	-1	-1	4028	upstream_gene_variant	NONE	c.-4028delA	.	-1
NC_045512.2	24245	CA	C	ORF1ab	gene-GU280_gp01	MODIFIER	downstream_gene_variant	transcript	TRANSCRIPT_gene-GU280_gp01	protein_coding	-1	c.*2691delA	.	-1	-1	-1	-1	-1	-1	2691	downstream_gene_variant	NONE	c.*2691delA	.	-1
NC_045512.2	24264	A	G	S	gene-GU280_gp02	MODERATE	missense_variant	transcript	TRANSCRIPT_gene-GU280_gp02	protein_coding	1	c.2702A>G	p.Gln901Arg	2702	3822	2702	3822	901	1273	0	missense_variant	NONE	c.2702A>G	p.Gln901Arg	1273
NC_045512.2	24264	A	G	ORF3a	gene-GU280_gp03	MODIFIER	upstream_gene_variant	transcript	TRANSCRIPT_gene-GU280_gp03	protein_coding	-1	c.-1129A>G	.	-1	-1	-1	-1	-1	-1	1129	upstream_gene_variant	NONE	c.-1129A>G	.	-1
NC_045512.2	24264	A	G	E	gene-GU280_gp04	MODIFIER	upstream_gene_variant	transcript	TRANSCRIPT_gene-GU280_gp04	protein_coding	-1	c.-1981A>G	.	-1	-1	-1	-1	-1	-1	1981	upstream_gene_variant	NONE	c.-1981A>G	.	-1
NC_045512.2	24264	A	G	M	gene-GU280_gp05	MODIFIER	upstream_gene_variant	transcript	TRANSCRIPT_gene-GU280_gp05	protein_coding	-1	c.-2259A>G	.	-1	-1	-1	-1	-1	-1	2259	upstream_gene_variant	NONE	c.-2259A>G	.	-1
NC_045512.2	24264	A	G	ORF6	gene-GU280_gp06	MODIFIER	upstream_gene_variant	transcript	TRANSCRIPT_gene-GU280_gp06	protein_coding	-1	c.-2938A>G	.	-1	-1	-1	-1	-1	-1	2938	upstream_gene_variant	NONE	c.-2938A>G	.	-1
NC_045512.2	24264	A	G	ORF7a	gene-GU280_gp07	MODIFIER	upstream_gene_variant	transcript	TRANSCRIPT_gene-GU280_gp07	protein_coding	-1	c.-3130A>G	.	-1	-1	-1	-1	-1	-1	3130	upstream_gene_variant	NONE	c.-3130A>G	.	-1
NC_045512.2	24264	A	G	ORF7b	gene-GU280_gp08	MODIFIER	upstream_gene_variant	transcript	TRANSCRIPT_gene-GU280_gp08	protein_coding	-1	c.-3492A>G	.	-1	-1	-1	-1	-1	-1	3492	upstream_gene_variant	NONE	c.-3492A>G	.	-1
NC_045512.2	24264	A	G	ORF8	gene-GU280_gp09	MODIFIER	upstream_gene_variant	transcript	TRANSCRIPT_gene-GU280_gp09	protein_coding	-1	c.-3630A>G	.	-1	-1	-1	-1	-1	-1	3630	upstream_gene_variant	NONE	c.-3630A>G	.	-1
NC_045512.2	24264	A	G	N	gene-GU280_gp10	MODIFIER	upstream_gene_variant	transcript	TRANSCRIPT_gene-GU280_gp10	protein_coding	-1	c.-4010A>G	.	-1	-1	-1	-1	-1	-1	4010	upstream_gene_variant	NONE	c.-4010A>G	.	-1
NC_045512.2	24264	A	G	ORF1ab	gene-GU280_gp01	MODIFIER	downstream_gene_variant	transcript	TRANSCRIPT_gene-GU280_gp01	protein_coding	-1	c.*2709A>G	.	-1	-1	-1	-1	-1	-1	2709	downstream_gene_variant	NONE	c.*2709A>G	.	-1
NC_045512.2	24301	G	C	S	gene-GU280_gp02	MODERATE	missense_variant	transcript	TRANSCRIPT_gene-GU280_gp02	protein_coding	1	c.2739G>C	p.Gln913His	2739	3822	2739	3822	913	1273	0	missense_variant	NONE	c.2739G>C	p.Gln913His	1273
NC_045512.2	24301	G	C	ORF3a	gene-GU280_gp03	MODIFIER	upstream_gene_variant	transcript	TRANSCRIPT_gene-GU280_gp03	protein_coding	-1	c.-1092G>C	.	-1	-1	-1	-1	-1	-1	1092	upstream_gene_variant	NONE	c.-1092G>C	.	-1
NC_045512.2	24301	G	C	E	gene-GU280_gp04	MODIFIER	upstream_gene_variant	transcript	TRANSCRIPT_gene-GU280_gp04	protein_coding	-1	c.-1944G>C	.	-1	-1	-1	-1	-1	-1	1944	upstream_gene_variant	NONE	c.-1944G>C	.	-1
NC_045512.2	24301	G	C	M	gene-GU280_gp05	MODIFIER	upstream_gene_variant	transcript	TRANSCRIPT_gene-GU280_gp05	protein_coding	-1	c.-2222G>C	.	-1	-1	-1	-1	-1	-1	2222	upstream_gene_variant	NONE	c.-2222G>C	.	-1
NC_045512.2	24301	G	C	ORF6	gene-GU280_gp06	MODIFIER	upstream_gene_variant	transcript	TRANSCRIPT_gene-GU280_gp06	protein_coding	-1	c.-2901G>C	.	-1	-1	-1	-1	-1	-1	2901	upstream_gene_variant	NONE	c.-2901G>C	.	-1
NC_045512.2	24301	G	C	ORF7a	gene-GU280_gp07	MODIFIER	upstream_gene_variant	transcript	TRANSCRIPT_gene-GU280_gp07	protein_coding	-1	c.-3093G>C	.	-1	-1	-1	-1	-1	-1	3093	upstream_gene_variant	NONE	c.-3093G>C	.	-1
NC_045512.2	24301	G	C	ORF7b	gene-GU280_gp08	MODIFIER	upstream_gene_variant	transcript	TRANSCRIPT_gene-GU280_gp08	protein_coding	-1	c.-3455G>C	.	-1	-1	-1	-1	-1	-1	3455	upstream_gene_variant	NONE	c.-3455G>C	.	-1
NC_045512.2	24301	G	C	ORF8	gene-GU280_gp09	MODIFIER	upstream_gene_variant	transcript	TRANSCRIPT_gene-GU280_gp09	protein_coding	-1	c.-3593G>C	.	-1	-1	-1	-1	-1	-1	3593	upstream_gene_variant	NONE	c.-3593G>C	.	-1
NC_045512.2	24301	G	C	N	gene-GU280_gp10	MODIFIER	upstream_gene_variant	transcript	TRANSCRIPT_gene-GU280_gp10	protein_coding	-1	c.-3973G>C	.	-1	-1	-1	-1	-1	-1	3973	upstream_gene_variant	NONE	c.-3973G>C	.	-1
NC_045512.2	24301	G	C	ORF1ab	gene-GU280_gp01	MODIFIER	downstream_gene_variant	transcript	TRANSCRIPT_gene-GU280_gp01	protein_coding	-1	c.*2746G>C	.	-1	-1	-1	-1	-1	-1	2746	downstream_gene_variant	NONE	c.*2746G>C	.	-1
NC_045512.2	24320	C	T	S	gene-GU280_gp02	HIGH	stop_gained	transcript	TRANSCRIPT_gene-GU280_gp02	protein_coding	1	c.2758C>T	p.Gln920*	2758	3822	2758	3822	920	1273	0	stop_gained	NONE	c.2758C>T	p.Gln920*	1273
NC_045512.2	24320	C	T	ORF3a	gene-GU280_gp03	MODIFIER	upstream_gene_variant	transcript	TRANSCRIPT_gene-GU280_gp03	protein_coding	-1	c.-1073C>T	.	-1	-1	-1	-1	-1	-1	1073	upstream_gene_variant	NONE	c.-1073C>T	.	-1
NC_045512.2	24320	C	T	E	gene-GU280_gp04	MODIFIER	upstream_gene_variant	transcript	TRANSCRIPT_gene-GU280_gp04	protein_coding	-1	c.-1925C>T	.	-1	-1	-1	-1	-1	-1	1925	upstream_gene_variant	NONE	c.-1925C>T	.	-1
NC_045512.2	24320	C	T	M	gene-GU280_gp05	MODIFIER	upstream_gene_variant	transcript	TRANSCRIPT_gene-GU280_gp05	protein_coding	-1	c.-2203C>T	.	-1	-1	-1	-1	-1	-1	2203	upstream_gene_variant	NONE	c.-2203C>T	.	-1
NC_045512.2	24320	C	T	ORF6	gene-GU280_gp06	MODIFIER	upstream_gene_variant	transcript	TRANSCRIPT_gene-GU280_gp06	protein_coding	-1	c.-2882C>T	.	-1	-1	-1	-1	-1	-1	2882	upstream_gene_variant	NONE	c.-2882C>T	.	-1
NC_045512.2	24320	C	T	ORF7a	gene-GU280_gp07	MODIFIER	upstream_gene_variant	transcript	TRANSCRIPT_gene-GU280_gp07	protein_coding	-1	c.-3074C>T	.	-1	-1	-1	-1	-1	-1	3074	upstream_gene_variant	NONE	c.-3074C>T	.	-1
NC_045512.2	24320	C	T	ORF7b	gene-GU280_gp08	MODIFIER	upstream_gene_variant	transcript	TRANSCRIPT_gene-GU280_gp08	protein_coding	-1	c.-3436C>T	.	-1	-1	-1	-1	-1	-1	3436	upstream_gene_variant	NONE	c.-3436C>T	.	-1
NC_045512.2	24320	C	T	ORF8	gene-GU280_gp09	MODIFIER	upstream_gene_variant	transcript	TRANSCRIPT_gene-GU280_gp09	protein_coding	-1	c.-3574C>T	.	-1	-1	-1	-1	-1	-1	3574	upstream_gene_variant	NONE	c.-3574C>T	.	-1
NC_045512.2	24320	C	T	N	gene-GU280_gp10	MODIFIER	upstream_gene_variant	transcript	TRANSCRIPT_gene-GU280_gp10	protein_coding	-1	c.-3954C>T	.	-1	-1	-1	-1	-1	-1	3954	upstream_gene_variant	NONE	c.-3954C>T	.	-1
NC_045512.2	24320	C	T	ORF1ab	gene-GU280_gp01	MODIFIER	downstream_gene_variant	transcript	TRANSCRIPT_gene-GU280_gp01	protein_coding	-1	c.*2765C>T	.	-1	-1	-1	-1	-1	-1	2765	downstream_gene_variant	NONE	c.*2765C>T	.	-1
NC_045512.2	24367	A	G	S	gene-GU280_gp02	LOW	synonymous_variant	transcript	TRANSCRIPT_gene-GU280_gp02	protein_coding	1	c.2805A>G	p.Gln935Gln	2805	3822	2805	3822	935	1273	0	synonymous_variant	NONE	c.2805A>G	p.Gln935Gln	1273
NC_045512.2	24367	A	G	ORF3a	gene-GU280_gp03	MODIFIER	upstream_gene_variant	transcript	TRANSCRIPT_gene-GU280_gp03	protein_coding	-1	c.-1026A>G	.	-1	-1	-1	-1	-1	-1	1026	upstream_gene_variant	NONE	c.-1026A>G	.	-1
NC_045512.2	24367	A	G	E	gene-GU280_gp04	MODIFIER	upstream_gene_variant	transcript	TRANSCRIPT_gene-GU280_gp04	protein_coding	-1	c.-1878A>G	.	-1	-1	-1	-1	-1	-1	1878	upstream_gene_variant	NONE	c.-1878A>G	.	-1
NC_045512.2	24367	A	G	M	gene-GU280_gp05	MODIFIER	upstream_gene_variant	transcript	TRANSCRIPT_gene-GU280_gp05	protein_coding	-1	c.-2156A>G	.	-1	-1	-1	-1	-1	-1	2156	upstream_gene_variant	NONE	c.-2156A>G	.	-1
NC_045512.2	24367	A	G	ORF6	gene-GU280_gp06	MODIFIER	upstream_gene_variant	transcript	TRANSCRIPT_gene-GU280_gp06	protein_coding	-1	c.-2835A>G	.	-1	-1	-1	-1	-1	-1	2835	upstream_gene_variant	NONE	c.-2835A>G	.	-1
NC_045512.2	24367	A	G	ORF7a	gene-GU280_gp07	MODIFIER	upstream_gene_variant	transcript	TRANSCRIPT_gene-GU280_gp07	protein_coding	-1	c.-3027A>G	.	-1	-1	-1	-1	-1	-1	3027	upstream_gene_variant	NONE	c.-3027A>G	.	-1
NC_045512.2	24367	A	G	ORF7b	gene-GU280_gp08	MODIFIER	upstream_gene_variant	transcript	TRANSCRIPT_gene-GU280_gp08	protein_coding	-1	c.-3389A>G	.	-1	-1	-1	-1	-1	-1	3389	upstream_gene_variant	NONE	c.-3389A>G	.	-1
NC_045512.2	24367	A	G	ORF8	gene-GU280_gp09	MODIFIER	upstream_gene_variant	transcript	TRANSCRIPT_gene-GU280_gp09	protein_coding	-1	c.-3527A>G	.	-1	-1	-1	-1	-1	-1	3527	upstream_gene_variant	NONE	c.-3527A>G	.	-1
NC_045512.2	24367	A	G	N	gene-GU280_gp10	MODIFIER	upstream_gene_variant	transcript	TRANSCRIPT_gene-GU280_gp10	protein_coding	-1	c.-3907A>G	.	-1	-1	-1	-1	-1	-1	3907	upstream_gene_variant	NONE	c.-3907A>G	.	-1
NC_045512.2	24367	A	G	ORF1ab	gene-GU280_gp01	MODIFIER	downstream_gene_variant	transcript	TRANSCRIPT_gene-GU280_gp01	protein_coding	-1	c.*2812A>G	.	-1	-1	-1	-1	-1	-1	2812	downstream_gene_variant	NONE	c.*2812A>G	.	-1
NC_045512.2	24381	CCA	C	S	gene-GU280_gp02	HIGH	frameshift_variant	transcript	TRANSCRIPT_gene-GU280_gp02	protein_coding	1	c.2822_2823delCA	p.Thr941fs	2822	3822	2822	3822	941	1273	0	frameshift_variant	NONE	c.2822_2823delCA	p.Thr941fs	1273
NC_045512.2	24381	CCA	C	ORF3a	gene-GU280_gp03	MODIFIER	upstream_gene_variant	transcript	TRANSCRIPT_gene-GU280_gp03	protein_coding	-1	c.-1011_-1010delCA	.	-1	-1	-1	-1	-1	-1	1011	upstream_gene_variant	NONE	c.-1011_-1010delCA	.	-1
NC_045512.2	24381	CCA	C	E	gene-GU280_gp04	MODIFIER	upstream_gene_variant	transcript	TRANSCRIPT_gene-GU280_gp04	protein_coding	-1	c.-1863_-1862delCA	.	-1	-1	-1	-1	-1	-1	1863	upstream_gene_variant	NONE	c.-1863_-1862delCA	.	-1
NC_045512.2	24381	CCA	C	M	gene-GU280_gp05	MODIFIER	upstream_gene_variant	transcript	TRANSCRIPT_gene-GU280_gp05	protein_coding	-1	c.-2141_-2140delCA	.	-1	-1	-1	-1	-1	-1	2141	upstream_gene_variant	NONE	c.-2141_-2140delCA	.	-1
NC_045512.2	24381	CCA	C	ORF6	gene-GU280_gp06	MODIFIER	upstream_gene_variant	transcript	TRANSCRIPT_gene-GU280_gp06	protein_coding	-1	c.-2820_-2819delCA	.	-1	-1	-1	-1	-1	-1	2820	upstream_gene_variant	NONE	c.-2820_-2819delCA	.	-1
NC_045512.2	24381	CCA	C	ORF7a	gene-GU280_gp07	MODIFIER	upstream_gene_variant	transcript	TRANSCRIPT_gene-GU280_gp07	protein_coding	-1	c.-3012_-3011delCA	.	-1	-1	-1	-1	-1	-1	3012	upstream_gene_variant	NONE	c.-3012_-3011delCA	.	-1
NC_045512.2	24381	CCA	C	ORF7b	gene-GU280_gp08	MODIFIER	upstream_gene_variant	transcript	TRANSCRIPT_gene-GU280_gp08	protein_coding	-1	c.-3374_-3373delCA	.	-1	-1	-1	-1	-1	-1	3374	upstream_gene_variant	NONE	c.-3374_-3373delCA	.	-1
NC_045512.2	24381	CCA	C	ORF8	gene-GU280_gp09	MODIFIER	upstream_gene_variant	transcript	TRANSCRIPT_gene-GU280_gp09	protein_coding	-1	c.-3512_-3511delCA	.	-1	-1	-1	-1	-1	-1	3512	upstream_gene_variant	NONE	c.-3512_-3511delCA	.	-1
NC_045512.2	24381	CCA	C	N	gene-GU280_gp10	MODIFIER	upstream_gene_variant	transcript	TRANSCRIPT_gene-GU280_gp10	protein_coding	-1	c.-3892_-3891delCA	.	-1	-1	-1	-1	-1	-1	3892	upstream_gene_variant	NONE	c.-3892_-3891delCA	.	-1
NC_045512.2	24381	CCA	C	ORF1ab	gene-GU280_gp01	MODIFIER	downstream_gene_variant	transcript	TRANSCRIPT_gene-GU280_gp01	protein_coding	-1	c.*2827_*2828delCA	.	-1	-1	-1	-1	-1	-1	2827	downstream_gene_variant	NONE	c.*2827_*2828delCA	.	-1
NC_045512.2	24387	CA	C	S	gene-GU280_gp02	HIGH	frameshift_variant	transcript	TRANSCRIPT_gene-GU280_gp02	protein_coding	1	c.2827delA	p.Ser943fs	2827	3822	2827	3822	943	1273	0	frameshift_variant	NONE	c.2827delA	p.Ser943fs	1273
NC_045512.2	24387	CA	C	ORF3a	gene-GU280_gp03	MODIFIER	upstream_gene_variant	transcript	TRANSCRIPT_gene-GU280_gp03	protein_coding	-1	c.-1005delA	.	-1	-1	-1	-1	-1	-1	1005	upstream_gene_variant	NONE	c.-1005delA	.	-1
NC_045512.2	24387	CA	C	E	gene-GU280_gp04	MODIFIER	upstream_gene_variant	transcript	TRANSCRIPT_gene-GU280_gp04	protein_coding	-1	c.-1857delA	.	-1	-1	-1	-1	-1	-1	1857	upstream_gene_variant	NONE	c.-1857delA	.	-1
NC_045512.2	24387	CA	C	M	gene-GU280_gp05	MODIFIER	upstream_gene_variant	transcript	TRANSCRIPT_gene-GU280_gp05	protein_coding	-1	c.-2135delA	.	-1	-1	-1	-1	-1	-1	2135	upstream_gene_variant	NONE	c.-2135delA	.	-1
NC_045512.2	24387	CA	C	ORF6	gene-GU280_gp06	MODIFIER	upstream_gene_variant	transcript	TRANSCRIPT_gene-GU280_gp06	protein_coding	-1	c.-2814delA	.	-1	-1	-1	-1	-1	-1	2814	upstream_gene_variant	NONE	c.-2814delA	.	-1
NC_045512.2	24387	CA	C	ORF7a	gene-GU280_gp07	MODIFIER	upstream_gene_variant	transcript	TRANSCRIPT_gene-GU280_gp07	protein_coding	-1	c.-3006delA	.	-1	-1	-1	-1	-1	-1	3006	upstream_gene_variant	NONE	c.-3006delA	.	-1
NC_045512.2	24387	CA	C	ORF7b	gene-GU280_gp08	MODIFIER	upstream_gene_variant	transcript	TRANSCRIPT_gene-GU280_gp08	protein_coding	-1	c.-3368delA	.	-1	-1	-1	-1	-1	-1	3368	upstream_gene_variant	NONE	c.-3368delA	.	-1
NC_045512.2	24387	CA	C	ORF8	gene-GU280_gp09	MODIFIER	upstream_gene_variant	transcript	TRANSCRIPT_gene-GU280_gp09	protein_coding	-1	c.-3506delA	.	-1	-1	-1	-1	-1	-1	3506	upstream_gene_variant	NONE	c.-3506delA	.	-1
NC_045512.2	24387	CA	C	N	gene-GU280_gp10	MODIFIER	upstream_gene_variant	transcript	TRANSCRIPT_gene-GU280_gp10	protein_coding	-1	c.-3886delA	.	-1	-1	-1	-1	-1	-1	3886	upstream_gene_variant	NONE	c.-3886delA	.	-1
NC_045512.2	24387	CA	C	ORF1ab	gene-GU280_gp01	MODIFIER	downstream_gene_variant	transcript	TRANSCRIPT_gene-GU280_gp01	protein_coding	-1	c.*2833delA	.	-1	-1	-1	-1	-1	-1	2833	downstream_gene_variant	NONE	c.*2833delA	.	-1
NC_045512.2	24422	C	CA	S	gene-GU280_gp02	HIGH	frameshift_variant	transcript	TRANSCRIPT_gene-GU280_gp02	protein_coding	1	c.2864dupA	p.Asn955fs	2865	3822	2865	3822	955	1273	0	frameshift_variant	NONE	c.2864dupA	p.Asn955fs	1273
NC_045512.2	24422	C	CA	ORF3a	gene-GU280_gp03	MODIFIER	upstream_gene_variant	transcript	TRANSCRIPT_gene-GU280_gp03	protein_coding	-1	c.-971_-970insA	.	-1	-1	-1	-1	-1	-1	970	upstream_gene_variant	NONE	c.-971_-970insA	.	-1
NC_045512.2	24422	C	CA	E	gene-GU280_gp04	MODIFIER	upstream_gene_variant	transcript	TRANSCRIPT_gene-GU280_gp04	protein_coding	-1	c.-1823_-1822insA	.	-1	-1	-1	-1	-1	-1	1822	upstream_gene_variant	NONE	c.-1823_-1822insA	.	-1
NC_045512.2	24422	C	CA	M	gene-GU280_gp05	MODIFIER	upstream_gene_variant	transcript	TRANSCRIPT_gene-GU280_gp05	protein_coding	-1	c.-2101_-2100insA	.	-1	-1	-1	-1	-1	-1	2100	upstream_gene_variant	NONE	c.-2101_-2100insA	.	-1
NC_045512.2	24422	C	CA	ORF6	gene-GU280_gp06	MODIFIER	upstream_gene_variant	transcript	TRANSCRIPT_gene-GU280_gp06	protein_coding	-1	c.-2780_-2779insA	.	-1	-1	-1	-1	-1	-1	2779	upstream_gene_variant	NONE	c.-2780_-2779insA	.	-1
NC_045512.2	24422	C	CA	ORF7a	gene-GU280_gp07	MODIFIER	upstream_gene_variant	transcript	TRANSCRIPT_gene-GU280_gp07	protein_coding	-1	c.-2972_-2971insA	.	-1	-1	-1	-1	-1	-1	2971	upstream_gene_variant	NONE	c.-2972_-2971insA	.	-1
NC_045512.2	24422	C	CA	ORF7b	gene-GU280_gp08	MODIFIER	upstream_gene_variant	transcript	TRANSCRIPT_gene-GU280_gp08	protein_coding	-1	c.-3334_-3333insA	.	-1	-1	-1	-1	-1	-1	3333	upstream_gene_variant	NONE	c.-3334_-3333insA	.	-1
NC_045512.2	24422	C	CA	ORF8	gene-GU280_gp09	MODIFIER	upstream_gene_variant	transcript	TRANSCRIPT_gene-GU280_gp09	protein_coding	-1	c.-3472_-3471insA	.	-1	-1	-1	-1	-1	-1	3471	upstream_gene_variant	NONE	c.-3472_-3471insA	.	-1
NC_045512.2	24422	C	CA	N	gene-GU280_gp10	MODIFIER	upstream_gene_variant	transcript	TRANSCRIPT_gene-GU280_gp10	protein_coding	-1	c.-3852_-3851insA	.	-1	-1	-1	-1	-1	-1	3851	upstream_gene_variant	NONE	c.-3852_-3851insA	.	-1
NC_045512.2	24422	C	CA	ORF1ab	gene-GU280_gp01	MODIFIER	downstream_gene_variant	transcript	TRANSCRIPT_gene-GU280_gp01	protein_coding	-1	c.*2867_*2868insA	.	-1	-1	-1	-1	-1	-1	2868	downstream_gene_variant	NONE	c.*2867_*2868insA	.	-1
NC_045512.2	24423	A	C	S	gene-GU280_gp02	MODERATE	missense_variant	transcript	TRANSCRIPT_gene-GU280_gp02	protein_coding	1	c.2861A>C	p.Gln954Pro	2861	3822	2861	3822	954	1273	0	missense_variant	NONE	c.2861A>C	p.Gln954Pro	1273
NC_045512.2	24423	A	C	ORF3a	gene-GU280_gp03	MODIFIER	upstream_gene_variant	transcript	TRANSCRIPT_gene-GU280_gp03	protein_coding	-1	c.-970A>C	.	-1	-1	-1	-1	-1	-1	970	upstream_gene_variant	NONE	c.-970A>C	.	-1
NC_045512.2	24423	A	C	E	gene-GU280_gp04	MODIFIER	upstream_gene_variant	transcript	TRANSCRIPT_gene-GU280_gp04	protein_coding	-1	c.-1822A>C	.	-1	-1	-1	-1	-1	-1	1822	upstream_gene_variant	NONE	c.-1822A>C	.	-1
NC_045512.2	24423	A	C	M	gene-GU280_gp05	MODIFIER	upstream_gene_variant	transcript	TRANSCRIPT_gene-GU280_gp05	protein_coding	-1	c.-2100A>C	.	-1	-1	-1	-1	-1	-1	2100	upstream_gene_variant	NONE	c.-2100A>C	.	-1
NC_045512.2	24423	A	C	ORF6	gene-GU280_gp06	MODIFIER	upstream_gene_variant	transcript	TRANSCRIPT_gene-GU280_gp06	protein_coding	-1	c.-2779A>C	.	-1	-1	-1	-1	-1	-1	2779	upstream_gene_variant	NONE	c.-2779A>C	.	-1
NC_045512.2	24423	A	C	ORF7a	gene-GU280_gp07	MODIFIER	upstream_gene_variant	transcript	TRANSCRIPT_gene-GU280_gp07	protein_coding	-1	c.-2971A>C	.	-1	-1	-1	-1	-1	-1	2971	upstream_gene_variant	NONE	c.-2971A>C	.	-1
NC_045512.2	24423	A	C	ORF7b	gene-GU280_gp08	MODIFIER	upstream_gene_variant	transcript	TRANSCRIPT_gene-GU280_gp08	protein_coding	-1	c.-3333A>C	.	-1	-1	-1	-1	-1	-1	3333	upstream_gene_variant	NONE	c.-3333A>C	.	-1
NC_045512.2	24423	A	C	ORF8	gene-GU280_gp09	MODIFIER	upstream_gene_variant	transcript	TRANSCRIPT_gene-GU280_gp09	protein_coding	-1	c.-3471A>C	.	-1	-1	-1	-1	-1	-1	3471	upstream_gene_variant	NONE	c.-3471A>C	.	-1
NC_045512.2	24423	A	C	N	gene-GU280_gp10	MODIFIER	upstream_gene_variant	transcript	TRANSCRIPT_gene-GU280_gp10	protein_coding	-1	c.-3851A>C	.	-1	-1	-1	-1	-1	-1	3851	upstream_gene_variant	NONE	c.-3851A>C	.	-1
NC_045512.2	24423	A	C	ORF1ab	gene-GU280_gp01	MODIFIER	downstream_gene_variant	transcript	TRANSCRIPT_gene-GU280_gp01	protein_coding	-1	c.*2868A>C	.	-1	-1	-1	-1	-1	-1	2868	downstream_gene_variant	NONE	c.*2868A>C	.	-1
NC_045512.2	24435	C	CT	S	gene-GU280_gp02	HIGH	frameshift_variant	transcript	TRANSCRIPT_gene-GU280_gp02	protein_coding	1	c.2876dupT	p.Leu959fs	2877	3822	2877	3822	959	1273	0	frameshift_variant	NONE	c.2876dupT	p.Leu959fs	1273
NC_045512.2	24435	C	CT	ORF3a	gene-GU280_gp03	MODIFIER	upstream_gene_variant	transcript	TRANSCRIPT_gene-GU280_gp03	protein_coding	-1	c.-958_-957insT	.	-1	-1	-1	-1	-1	-1	957	upstream_gene_variant	NONE	c.-958_-957insT	.	-1
NC_045512.2	24435	C	CT	E	gene-GU280_gp04	MODIFIER	upstream_gene_variant	transcript	TRANSCRIPT_gene-GU280_gp04	protein_coding	-1	c.-1810_-1809insT	.	-1	-1	-1	-1	-1	-1	1809	upstream_gene_variant	NONE	c.-1810_-1809insT	.	-1
NC_045512.2	24435	C	CT	M	gene-GU280_gp05	MODIFIER	upstream_gene_variant	transcript	TRANSCRIPT_gene-GU280_gp05	protein_coding	-1	c.-2088_-2087insT	.	-1	-1	-1	-1	-1	-1	2087	upstream_gene_variant	NONE	c.-2088_-2087insT	.	-1
NC_045512.2	24435	C	CT	ORF6	gene-GU280_gp06	MODIFIER	upstream_gene_variant	transcript	TRANSCRIPT_gene-GU280_gp06	protein_coding	-1	c.-2767_-2766insT	.	-1	-1	-1	-1	-1	-1	2766	upstream_gene_variant	NONE	c.-2767_-2766insT	.	-1
NC_045512.2	24435	C	CT	ORF7a	gene-GU280_gp07	MODIFIER	upstream_gene_variant	transcript	TRANSCRIPT_gene-GU280_gp07	protein_coding	-1	c.-2959_-2958insT	.	-1	-1	-1	-1	-1	-1	2958	upstream_gene_variant	NONE	c.-2959_-2958insT	.	-1
NC_045512.2	24435	C	CT	ORF7b	gene-GU280_gp08	MODIFIER	upstream_gene_variant	transcript	TRANSCRIPT_gene-GU280_gp08	protein_coding	-1	c.-3321_-3320insT	.	-1	-1	-1	-1	-1	-1	3320	upstream_gene_variant	NONE	c.-3321_-3320insT	.	-1
NC_045512.2	24435	C	CT	ORF8	gene-GU280_gp09	MODIFIER	upstream_gene_variant	transcript	TRANSCRIPT_gene-GU280_gp09	protein_coding	-1	c.-3459_-3458insT	.	-1	-1	-1	-1	-1	-1	3458	upstream_gene_variant	NONE	c.-3459_-3458insT	.	-1
NC_045512.2	24435	C	CT	N	gene-GU280_gp10	MODIFIER	upstream_gene_variant	transcript	TRANSCRIPT_gene-GU280_gp10	protein_coding	-1	c.-3839_-3838insT	.	-1	-1	-1	-1	-1	-1	3838	upstream_gene_variant	NONE	c.-3839_-3838insT	.	-1
NC_045512.2	24435	C	CT	ORF1ab	gene-GU280_gp01	MODIFIER	downstream_gene_variant	transcript	TRANSCRIPT_gene-GU280_gp01	protein_coding	-1	c.*2880_*2881insT	.	-1	-1	-1	-1	-1	-1	2881	downstream_gene_variant	NONE	c.*2880_*2881insT	.	-1
NC_045512.2	24466	C	T	S	gene-GU280_gp02	LOW	synonymous_variant	transcript	TRANSCRIPT_gene-GU280_gp02	protein_coding	1	c.2904C>T	p.Ser968Ser	2904	3822	2904	3822	968	1273	0	synonymous_variant	NONE	c.2904C>T	p.Ser968Ser	1273
NC_045512.2	24466	C	T	ORF3a	gene-GU280_gp03	MODIFIER	upstream_gene_variant	transcript	TRANSCRIPT_gene-GU280_gp03	protein_coding	-1	c.-927C>T	.	-1	-1	-1	-1	-1	-1	927	upstream_gene_variant	NONE	c.-927C>T	.	-1
NC_045512.2	24466	C	T	E	gene-GU280_gp04	MODIFIER	upstream_gene_variant	transcript	TRANSCRIPT_gene-GU280_gp04	protein_coding	-1	c.-1779C>T	.	-1	-1	-1	-1	-1	-1	1779	upstream_gene_variant	NONE	c.-1779C>T	.	-1
NC_045512.2	24466	C	T	M	gene-GU280_gp05	MODIFIER	upstream_gene_variant	transcript	TRANSCRIPT_gene-GU280_gp05	protein_coding	-1	c.-2057C>T	.	-1	-1	-1	-1	-1	-1	2057	upstream_gene_variant	NONE	c.-2057C>T	.	-1
NC_045512.2	24466	C	T	ORF6	gene-GU280_gp06	MODIFIER	upstream_gene_variant	transcript	TRANSCRIPT_gene-GU280_gp06	protein_coding	-1	c.-2736C>T	.	-1	-1	-1	-1	-1	-1	2736	upstream_gene_variant	NONE	c.-2736C>T	.	-1
NC_045512.2	24466	C	T	ORF7a	gene-GU280_gp07	MODIFIER	upstream_gene_variant	transcript	TRANSCRIPT_gene-GU280_gp07	protein_coding	-1	c.-2928C>T	.	-1	-1	-1	-1	-1	-1	2928	upstream_gene_variant	NONE	c.-2928C>T	.	-1
NC_045512.2	24466	C	T	ORF7b	gene-GU280_gp08	MODIFIER	upstream_gene_variant	transcript	TRANSCRIPT_gene-GU280_gp08	protein_coding	-1	c.-3290C>T	.	-1	-1	-1	-1	-1	-1	3290	upstream_gene_variant	NONE	c.-3290C>T	.	-1
NC_045512.2	24466	C	T	ORF8	gene-GU280_gp09	MODIFIER	upstream_gene_variant	transcript	TRANSCRIPT_gene-GU280_gp09	protein_coding	-1	c.-3428C>T	.	-1	-1	-1	-1	-1	-1	3428	upstream_gene_variant	NONE	c.-3428C>T	.	-1
NC_045512.2	24466	C	T	N	gene-GU280_gp10	MODIFIER	upstream_gene_variant	transcript	TRANSCRIPT_gene-GU280_gp10	protein_coding	-1	c.-3808C>T	.	-1	-1	-1	-1	-1	-1	3808	upstream_gene_variant	NONE	c.-3808C>T	.	-1
NC_045512.2	24466	C	T	ORF1ab	gene-GU280_gp01	MODIFIER	downstream_gene_variant	transcript	TRANSCRIPT_gene-GU280_gp01	protein_coding	-1	c.*2911C>T	.	-1	-1	-1	-1	-1	-1	2911	downstream_gene_variant	NONE	c.*2911C>T	.	-1
NC_045512.2	24488	GT	G	S	gene-GU280_gp02	HIGH	frameshift_variant	transcript	TRANSCRIPT_gene-GU280_gp02	protein_coding	1	c.2930delT	p.Leu977fs	2930	3822	2930	3822	977	1273	0	frameshift_variant	NONE	c.2930delT	p.Leu977fs	1273
NC_045512.2	24488	GT	G	ORF3a	gene-GU280_gp03	MODIFIER	upstream_gene_variant	transcript	TRANSCRIPT_gene-GU280_gp03	protein_coding	-1	c.-904delT	.	-1	-1	-1	-1	-1	-1	904	upstream_gene_variant	NONE	c.-904delT	.	-1
NC_045512.2	24488	GT	G	E	gene-GU280_gp04	MODIFIER	upstream_gene_variant	transcript	TRANSCRIPT_gene-GU280_gp04	protein_coding	-1	c.-1756delT	.	-1	-1	-1	-1	-1	-1	1756	upstream_gene_variant	NONE	c.-1756delT	.	-1
NC_045512.2	24488	GT	G	M	gene-GU280_gp05	MODIFIER	upstream_gene_variant	transcript	TRANSCRIPT_gene-GU280_gp05	protein_coding	-1	c.-2034delT	.	-1	-1	-1	-1	-1	-1	2034	upstream_gene_variant	NONE	c.-2034delT	.	-1
NC_045512.2	24488	GT	G	ORF6	gene-GU280_gp06	MODIFIER	upstream_gene_variant	transcript	TRANSCRIPT_gene-GU280_gp06	protein_coding	-1	c.-2713delT	.	-1	-1	-1	-1	-1	-1	2713	upstream_gene_variant	NONE	c.-2713delT	.	-1
NC_045512.2	24488	GT	G	ORF7a	gene-GU280_gp07	MODIFIER	upstream_gene_variant	transcript	TRANSCRIPT_gene-GU280_gp07	protein_coding	-1	c.-2905delT	.	-1	-1	-1	-1	-1	-1	2905	upstream_gene_variant	NONE	c.-2905delT	.	-1
NC_045512.2	24488	GT	G	ORF7b	gene-GU280_gp08	MODIFIER	upstream_gene_variant	transcript	TRANSCRIPT_gene-GU280_gp08	protein_coding	-1	c.-3267delT	.	-1	-1	-1	-1	-1	-1	3267	upstream_gene_variant	NONE	c.-3267delT	.	-1
NC_045512.2	24488	GT	G	ORF8	gene-GU280_gp09	MODIFIER	upstream_gene_variant	transcript	TRANSCRIPT_gene-GU280_gp09	protein_coding	-1	c.-3405delT	.	-1	-1	-1	-1	-1	-1	3405	upstream_gene_variant	NONE	c.-3405delT	.	-1
NC_045512.2	24488	GT	G	N	gene-GU280_gp10	MODIFIER	upstream_gene_variant	transcript	TRANSCRIPT_gene-GU280_gp10	protein_coding	-1	c.-3785delT	.	-1	-1	-1	-1	-1	-1	3785	upstream_gene_variant	NONE	c.-3785delT	.	-1
NC_045512.2	24488	GT	G	ORF1ab	gene-GU280_gp01	MODIFIER	downstream_gene_variant	transcript	TRANSCRIPT_gene-GU280_gp01	protein_coding	-1	c.*2934delT	.	-1	-1	-1	-1	-1	-1	2934	downstream_gene_variant	NONE	c.*2934delT	.	-1
NC_045512.2	24517	CA	C	S	gene-GU280_gp02	HIGH	frameshift_variant	transcript	TRANSCRIPT_gene-GU280_gp02	protein_coding	1	c.2958delA	p.Val987fs	2958	3822	2958	3822	986	1273	0	frameshift_variant	NONE	c.2958delA	p.Val987fs	1273
NC_045512.2	24517	CA	C	ORF3a	gene-GU280_gp03	MODIFIER	upstream_gene_variant	transcript	TRANSCRIPT_gene-GU280_gp03	protein_coding	-1	c.-875delA	.	-1	-1	-1	-1	-1	-1	875	upstream_gene_variant	NONE	c.-875delA	.	-1
NC_045512.2	24517	CA	C	E	gene-GU280_gp04	MODIFIER	upstream_gene_variant	transcript	TRANSCRIPT_gene-GU280_gp04	protein_coding	-1	c.-1727delA	.	-1	-1	-1	-1	-1	-1	1727	upstream_gene_variant	NONE	c.-1727delA	.	-1
NC_045512.2	24517	CA	C	M	gene-GU280_gp05	MODIFIER	upstream_gene_variant	transcript	TRANSCRIPT_gene-GU280_gp05	protein_coding	-1	c.-2005delA	.	-1	-1	-1	-1	-1	-1	2005	upstream_gene_variant	NONE	c.-2005delA	.	-1
NC_045512.2	24517	CA	C	ORF6	gene-GU280_gp06	MODIFIER	upstream_gene_variant	transcript	TRANSCRIPT_gene-GU280_gp06	protein_coding	-1	c.-2684delA	.	-1	-1	-1	-1	-1	-1	2684	upstream_gene_variant	NONE	c.-2684delA	.	-1
NC_045512.2	24517	CA	C	ORF7a	gene-GU280_gp07	MODIFIER	upstream_gene_variant	transcript	TRANSCRIPT_gene-GU280_gp07	protein_coding	-1	c.-2876delA	.	-1	-1	-1	-1	-1	-1	2876	upstream_gene_variant	NONE	c.-2876delA	.	-1
NC_045512.2	24517	CA	C	ORF7b	gene-GU280_gp08	MODIFIER	upstream_gene_variant	transcript	TRANSCRIPT_gene-GU280_gp08	protein_coding	-1	c.-3238delA	.	-1	-1	-1	-1	-1	-1	3238	upstream_gene_variant	NONE	c.-3238delA	.	-1
NC_045512.2	24517	CA	C	ORF8	gene-GU280_gp09	MODIFIER	upstream_gene_variant	transcript	TRANSCRIPT_gene-GU280_gp09	protein_coding	-1	c.-3376delA	.	-1	-1	-1	-1	-1	-1	3376	upstream_gene_variant	NONE	c.-3376delA	.	-1
NC_045512.2	24517	CA	C	N	gene-GU280_gp10	MODIFIER	upstream_gene_variant	transcript	TRANSCRIPT_gene-GU280_gp10	protein_coding	-1	c.-3756delA	.	-1	-1	-1	-1	-1	-1	3756	upstream_gene_variant	NONE	c.-3756delA	.	-1
NC_045512.2	24517	CA	C	ORF1ab	gene-GU280_gp01	MODIFIER	downstream_gene_variant	transcript	TRANSCRIPT_gene-GU280_gp01	protein_coding	-1	c.*2963delA	.	-1	-1	-1	-1	-1	-1	2963	downstream_gene_variant	NONE	c.*2963delA	.	-1
NC_045512.2	24557	G	A	S	gene-GU280_gp02	MODERATE	missense_variant	transcript	TRANSCRIPT_gene-GU280_gp02	protein_coding	1	c.2995G>A	p.Gly999Ser	2995	3822	2995	3822	999	1273	0	missense_variant	NONE	c.2995G>A	p.Gly999Ser	1273
NC_045512.2	24557	G	A	ORF3a	gene-GU280_gp03	MODIFIER	upstream_gene_variant	transcript	TRANSCRIPT_gene-GU280_gp03	protein_coding	-1	c.-836G>A	.	-1	-1	-1	-1	-1	-1	836	upstream_gene_variant	NONE	c.-836G>A	.	-1
NC_045512.2	24557	G	A	E	gene-GU280_gp04	MODIFIER	upstream_gene_variant	transcript	TRANSCRIPT_gene-GU280_gp04	protein_coding	-1	c.-1688G>A	.	-1	-1	-1	-1	-1	-1	1688	upstream_gene_variant	NONE	c.-1688G>A	.	-1
NC_045512.2	24557	G	A	M	gene-GU280_gp05	MODIFIER	upstream_gene_variant	transcript	TRANSCRIPT_gene-GU280_gp05	protein_coding	-1	c.-1966G>A	.	-1	-1	-1	-1	-1	-1	1966	upstream_gene_variant	NONE	c.-1966G>A	.	-1
NC_045512.2	24557	G	A	ORF6	gene-GU280_gp06	MODIFIER	upstream_gene_variant	transcript	TRANSCRIPT_gene-GU280_gp06	protein_coding	-1	c.-2645G>A	.	-1	-1	-1	-1	-1	-1	2645	upstream_gene_variant	NONE	c.-2645G>A	.	-1
NC_045512.2	24557	G	A	ORF7a	gene-GU280_gp07	MODIFIER	upstream_gene_variant	transcript	TRANSCRIPT_gene-GU280_gp07	protein_coding	-1	c.-2837G>A	.	-1	-1	-1	-1	-1	-1	2837	upstream_gene_variant	NONE	c.-2837G>A	.	-1
NC_045512.2	24557	G	A	ORF7b	gene-GU280_gp08	MODIFIER	upstream_gene_variant	transcript	TRANSCRIPT_gene-GU280_gp08	protein_coding	-1	c.-3199G>A	.	-1	-1	-1	-1	-1	-1	3199	upstream_gene_variant	NONE	c.-3199G>A	.	-1
NC_045512.2	24557	G	A	ORF8	gene-GU280_gp09	MODIFIER	upstream_gene_variant	transcript	TRANSCRIPT_gene-GU280_gp09	protein_coding	-1	c.-3337G>A	.	-1	-1	-1	-1	-1	-1	3337	upstream_gene_variant	NONE	c.-3337G>A	.	-1
NC_045512.2	24557	G	A	N	gene-GU280_gp10	MODIFIER	upstream_gene_variant	transcript	TRANSCRIPT_gene-GU280_gp10	protein_coding	-1	c.-3717G>A	.	-1	-1	-1	-1	-1	-1	3717	upstream_gene_variant	NONE	c.-3717G>A	.	-1
NC_045512.2	24557	G	A	ORF1ab	gene-GU280_gp01	MODIFIER	downstream_gene_variant	transcript	TRANSCRIPT_gene-GU280_gp01	protein_coding	-1	c.*3002G>A	.	-1	-1	-1	-1	-1	-1	3002	downstream_gene_variant	NONE	c.*3002G>A	.	-1
NC_045512.2	24581	T	C	S	gene-GU280_gp02	MODERATE	missense_variant	transcript	TRANSCRIPT_gene-GU280_gp02	protein_coding	1	c.3019T>C	p.Tyr1007His	3019	3822	3019	3822	1007	1273	0	missense_variant	NONE	c.3019T>C	p.Tyr1007His	1273
NC_045512.2	24581	T	C	ORF3a	gene-GU280_gp03	MODIFIER	upstream_gene_variant	transcript	TRANSCRIPT_gene-GU280_gp03	protein_coding	-1	c.-812T>C	.	-1	-1	-1	-1	-1	-1	812	upstream_gene_variant	NONE	c.-812T>C	.	-1
NC_045512.2	24581	T	C	E	gene-GU280_gp04	MODIFIER	upstream_gene_variant	transcript	TRANSCRIPT_gene-GU280_gp04	protein_coding	-1	c.-1664T>C	.	-1	-1	-1	-1	-1	-1	1664	upstream_gene_variant	NONE	c.-1664T>C	.	-1
NC_045512.2	24581	T	C	M	gene-GU280_gp05	MODIFIER	upstream_gene_variant	transcript	TRANSCRIPT_gene-GU280_gp05	protein_coding	-1	c.-1942T>C	.	-1	-1	-1	-1	-1	-1	1942	upstream_gene_variant	NONE	c.-1942T>C	.	-1
NC_045512.2	24581	T	C	ORF6	gene-GU280_gp06	MODIFIER	upstream_gene_variant	transcript	TRANSCRIPT_gene-GU280_gp06	protein_coding	-1	c.-2621T>C	.	-1	-1	-1	-1	-1	-1	2621	upstream_gene_variant	NONE	c.-2621T>C	.	-1
NC_045512.2	24581	T	C	ORF7a	gene-GU280_gp07	MODIFIER	upstream_gene_variant	transcript	TRANSCRIPT_gene-GU280_gp07	protein_coding	-1	c.-2813T>C	.	-1	-1	-1	-1	-1	-1	2813	upstream_gene_variant	NONE	c.-2813T>C	.	-1
NC_045512.2	24581	T	C	ORF7b	gene-GU280_gp08	MODIFIER	upstream_gene_variant	transcript	TRANSCRIPT_gene-GU280_gp08	protein_coding	-1	c.-3175T>C	.	-1	-1	-1	-1	-1	-1	3175	upstream_gene_variant	NONE	c.-3175T>C	.	-1
NC_045512.2	24581	T	C	ORF8	gene-GU280_gp09	MODIFIER	upstream_gene_variant	transcript	TRANSCRIPT_gene-GU280_gp09	protein_coding	-1	c.-3313T>C	.	-1	-1	-1	-1	-1	-1	3313	upstream_gene_variant	NONE	c.-3313T>C	.	-1
NC_045512.2	24581	T	C	N	gene-GU280_gp10	MODIFIER	upstream_gene_variant	transcript	TRANSCRIPT_gene-GU280_gp10	protein_coding	-1	c.-3693T>C	.	-1	-1	-1	-1	-1	-1	3693	upstream_gene_variant	NONE	c.-3693T>C	.	-1
NC_045512.2	24581	T	C	ORF10	gene-GU280_gp11	MODIFIER	upstream_gene_variant	transcript	TRANSCRIPT_gene-GU280_gp11	protein_coding	-1	c.-4977T>C	.	-1	-1	-1	-1	-1	-1	4977	upstream_gene_variant	NONE	c.-4977T>C	.	-1
NC_045512.2	24581	T	C	ORF1ab	gene-GU280_gp01	MODIFIER	downstream_gene_variant	transcript	TRANSCRIPT_gene-GU280_gp01	protein_coding	-1	c.*3026T>C	.	-1	-1	-1	-1	-1	-1	3026	downstream_gene_variant	NONE	c.*3026T>C	.	-1
NC_045512.2	24667	A	T	S	gene-GU280_gp02	LOW	synonymous_variant	transcript	TRANSCRIPT_gene-GU280_gp02	protein_coding	1	c.3105A>T	p.Gly1035Gly	3105	3822	3105	3822	1035	1273	0	synonymous_variant	NONE	c.3105A>T	p.Gly1035Gly	1273
NC_045512.2	24667	A	T	ORF3a	gene-GU280_gp03	MODIFIER	upstream_gene_variant	transcript	TRANSCRIPT_gene-GU280_gp03	protein_coding	-1	c.-726A>T	.	-1	-1	-1	-1	-1	-1	726	upstream_gene_variant	NONE	c.-726A>T	.	-1
NC_045512.2	24667	A	T	E	gene-GU280_gp04	MODIFIER	upstream_gene_variant	transcript	TRANSCRIPT_gene-GU280_gp04	protein_coding	-1	c.-1578A>T	.	-1	-1	-1	-1	-1	-1	1578	upstream_gene_variant	NONE	c.-1578A>T	.	-1
NC_045512.2	24667	A	T	M	gene-GU280_gp05	MODIFIER	upstream_gene_variant	transcript	TRANSCRIPT_gene-GU280_gp05	protein_coding	-1	c.-1856A>T	.	-1	-1	-1	-1	-1	-1	1856	upstream_gene_variant	NONE	c.-1856A>T	.	-1
NC_045512.2	24667	A	T	ORF6	gene-GU280_gp06	MODIFIER	upstream_gene_variant	transcript	TRANSCRIPT_gene-GU280_gp06	protein_coding	-1	c.-2535A>T	.	-1	-1	-1	-1	-1	-1	2535	upstream_gene_variant	NONE	c.-2535A>T	.	-1
NC_045512.2	24667	A	T	ORF7a	gene-GU280_gp07	MODIFIER	upstream_gene_variant	transcript	TRANSCRIPT_gene-GU280_gp07	protein_coding	-1	c.-2727A>T	.	-1	-1	-1	-1	-1	-1	2727	upstream_gene_variant	NONE	c.-2727A>T	.	-1
NC_045512.2	24667	A	T	ORF7b	gene-GU280_gp08	MODIFIER	upstream_gene_variant	transcript	TRANSCRIPT_gene-GU280_gp08	protein_coding	-1	c.-3089A>T	.	-1	-1	-1	-1	-1	-1	3089	upstream_gene_variant	NONE	c.-3089A>T	.	-1
NC_045512.2	24667	A	T	ORF8	gene-GU280_gp09	MODIFIER	upstream_gene_variant	transcript	TRANSCRIPT_gene-GU280_gp09	protein_coding	-1	c.-3227A>T	.	-1	-1	-1	-1	-1	-1	3227	upstream_gene_variant	NONE	c.-3227A>T	.	-1
NC_045512.2	24667	A	T	N	gene-GU280_gp10	MODIFIER	upstream_gene_variant	transcript	TRANSCRIPT_gene-GU280_gp10	protein_coding	-1	c.-3607A>T	.	-1	-1	-1	-1	-1	-1	3607	upstream_gene_variant	NONE	c.-3607A>T	.	-1
NC_045512.2	24667	A	T	ORF10	gene-GU280_gp11	MODIFIER	upstream_gene_variant	transcript	TRANSCRIPT_gene-GU280_gp11	protein_coding	-1	c.-4891A>T	.	-1	-1	-1	-1	-1	-1	4891	upstream_gene_variant	NONE	c.-4891A>T	.	-1
NC_045512.2	24667	A	T	ORF1ab	gene-GU280_gp01	MODIFIER	downstream_gene_variant	transcript	TRANSCRIPT_gene-GU280_gp01	protein_coding	-1	c.*3112A>T	.	-1	-1	-1	-1	-1	-1	3112	downstream_gene_variant	NONE	c.*3112A>T	.	-1
NC_045512.2	24848	GT	G	S	gene-GU280_gp02	HIGH	frameshift_variant	transcript	TRANSCRIPT_gene-GU280_gp02	protein_coding	1	c.3289delT	p.Ser1097fs	3289	3822	3289	3822	1097	1273	0	frameshift_variant	NONE	c.3289delT	p.Ser1097fs	1273
NC_045512.2	24848	GT	G	ORF3a	gene-GU280_gp03	MODIFIER	upstream_gene_variant	transcript	TRANSCRIPT_gene-GU280_gp03	protein_coding	-1	c.-544delT	.	-1	-1	-1	-1	-1	-1	544	upstream_gene_variant	NONE	c.-544delT	.	-1
NC_045512.2	24848	GT	G	E	gene-GU280_gp04	MODIFIER	upstream_gene_variant	transcript	TRANSCRIPT_gene-GU280_gp04	protein_coding	-1	c.-1396delT	.	-1	-1	-1	-1	-1	-1	1396	upstream_gene_variant	NONE	c.-1396delT	.	-1
NC_045512.2	24848	GT	G	M	gene-GU280_gp05	MODIFIER	upstream_gene_variant	transcript	TRANSCRIPT_gene-GU280_gp05	protein_coding	-1	c.-1674delT	.	-1	-1	-1	-1	-1	-1	1674	upstream_gene_variant	NONE	c.-1674delT	.	-1
NC_045512.2	24848	GT	G	ORF6	gene-GU280_gp06	MODIFIER	upstream_gene_variant	transcript	TRANSCRIPT_gene-GU280_gp06	protein_coding	-1	c.-2353delT	.	-1	-1	-1	-1	-1	-1	2353	upstream_gene_variant	NONE	c.-2353delT	.	-1
NC_045512.2	24848	GT	G	ORF7a	gene-GU280_gp07	MODIFIER	upstream_gene_variant	transcript	TRANSCRIPT_gene-GU280_gp07	protein_coding	-1	c.-2545delT	.	-1	-1	-1	-1	-1	-1	2545	upstream_gene_variant	NONE	c.-2545delT	.	-1
NC_045512.2	24848	GT	G	ORF7b	gene-GU280_gp08	MODIFIER	upstream_gene_variant	transcript	TRANSCRIPT_gene-GU280_gp08	protein_coding	-1	c.-2907delT	.	-1	-1	-1	-1	-1	-1	2907	upstream_gene_variant	NONE	c.-2907delT	.	-1
NC_045512.2	24848	GT	G	ORF8	gene-GU280_gp09	MODIFIER	upstream_gene_variant	transcript	TRANSCRIPT_gene-GU280_gp09	protein_coding	-1	c.-3045delT	.	-1	-1	-1	-1	-1	-1	3045	upstream_gene_variant	NONE	c.-3045delT	.	-1
NC_045512.2	24848	GT	G	N	gene-GU280_gp10	MODIFIER	upstream_gene_variant	transcript	TRANSCRIPT_gene-GU280_gp10	protein_coding	-1	c.-3425delT	.	-1	-1	-1	-1	-1	-1	3425	upstream_gene_variant	NONE	c.-3425delT	.	-1
NC_045512.2	24848	GT	G	ORF10	gene-GU280_gp11	MODIFIER	upstream_gene_variant	transcript	TRANSCRIPT_gene-GU280_gp11	protein_coding	-1	c.-4709delT	.	-1	-1	-1	-1	-1	-1	4709	upstream_gene_variant	NONE	c.-4709delT	.	-1
NC_045512.2	24848	GT	G	ORF1ab	gene-GU280_gp01	MODIFIER	downstream_gene_variant	transcript	TRANSCRIPT_gene-GU280_gp01	protein_coding	-1	c.*3294delT	.	-1	-1	-1	-1	-1	-1	3294	downstream_gene_variant	NONE	c.*3294delT	.	-1
NC_045512.2	25023	A	G	S	gene-GU280_gp02	MODERATE	missense_variant	transcript	TRANSCRIPT_gene-GU280_gp02	protein_coding	1	c.3461A>G	p.Lys1154Arg	3461	3822	3461	3822	1154	1273	0	missense_variant	NONE	c.3461A>G	p.Lys1154Arg	1273
NC_045512.2	25023	A	G	ORF3a	gene-GU280_gp03	MODIFIER	upstream_gene_variant	transcript	TRANSCRIPT_gene-GU280_gp03	protein_coding	-1	c.-370A>G	.	-1	-1	-1	-1	-1	-1	370	upstream_gene_variant	NONE	c.-370A>G	.	-1
NC_045512.2	25023	A	G	E	gene-GU280_gp04	MODIFIER	upstream_gene_variant	transcript	TRANSCRIPT_gene-GU280_gp04	protein_coding	-1	c.-1222A>G	.	-1	-1	-1	-1	-1	-1	1222	upstream_gene_variant	NONE	c.-1222A>G	.	-1
NC_045512.2	25023	A	G	M	gene-GU280_gp05	MODIFIER	upstream_gene_variant	transcript	TRANSCRIPT_gene-GU280_gp05	protein_coding	-1	c.-1500A>G	.	-1	-1	-1	-1	-1	-1	1500	upstream_gene_variant	NONE	c.-1500A>G	.	-1
NC_045512.2	25023	A	G	ORF6	gene-GU280_gp06	MODIFIER	upstream_gene_variant	transcript	TRANSCRIPT_gene-GU280_gp06	protein_coding	-1	c.-2179A>G	.	-1	-1	-1	-1	-1	-1	2179	upstream_gene_variant	NONE	c.-2179A>G	.	-1
NC_045512.2	25023	A	G	ORF7a	gene-GU280_gp07	MODIFIER	upstream_gene_variant	transcript	TRANSCRIPT_gene-GU280_gp07	protein_coding	-1	c.-2371A>G	.	-1	-1	-1	-1	-1	-1	2371	upstream_gene_variant	NONE	c.-2371A>G	.	-1
NC_045512.2	25023	A	G	ORF7b	gene-GU280_gp08	MODIFIER	upstream_gene_variant	transcript	TRANSCRIPT_gene-GU280_gp08	protein_coding	-1	c.-2733A>G	.	-1	-1	-1	-1	-1	-1	2733	upstream_gene_variant	NONE	c.-2733A>G	.	-1
NC_045512.2	25023	A	G	ORF8	gene-GU280_gp09	MODIFIER	upstream_gene_variant	transcript	TRANSCRIPT_gene-GU280_gp09	protein_coding	-1	c.-2871A>G	.	-1	-1	-1	-1	-1	-1	2871	upstream_gene_variant	NONE	c.-2871A>G	.	-1
NC_045512.2	25023	A	G	N	gene-GU280_gp10	MODIFIER	upstream_gene_variant	transcript	TRANSCRIPT_gene-GU280_gp10	protein_coding	-1	c.-3251A>G	.	-1	-1	-1	-1	-1	-1	3251	upstream_gene_variant	NONE	c.-3251A>G	.	-1
NC_045512.2	25023	A	G	ORF10	gene-GU280_gp11	MODIFIER	upstream_gene_variant	transcript	TRANSCRIPT_gene-GU280_gp11	protein_coding	-1	c.-4535A>G	.	-1	-1	-1	-1	-1	-1	4535	upstream_gene_variant	NONE	c.-4535A>G	.	-1
NC_045512.2	25023	A	G	ORF1ab	gene-GU280_gp01	MODIFIER	downstream_gene_variant	transcript	TRANSCRIPT_gene-GU280_gp01	protein_coding	-1	c.*3468A>G	.	-1	-1	-1	-1	-1	-1	3468	downstream_gene_variant	NONE	c.*3468A>G	.	-1
NC_045512.2	25218	GT	G	S	gene-GU280_gp02	HIGH	frameshift_variant	transcript	TRANSCRIPT_gene-GU280_gp02	protein_coding	1	c.3660delT	p.Phe1220fs	3660	3822	3660	3822	1220	1273	0	frameshift_variant	NONE	c.3660delT	p.Phe1220fs	1273
NC_045512.2	25218	GT	G	ORF3a	gene-GU280_gp03	MODIFIER	upstream_gene_variant	transcript	TRANSCRIPT_gene-GU280_gp03	protein_coding	-1	c.-174delT	.	-1	-1	-1	-1	-1	-1	174	upstream_gene_variant	NONE	c.-174delT	.	-1
NC_045512.2	25218	GT	G	E	gene-GU280_gp04	MODIFIER	upstream_gene_variant	transcript	TRANSCRIPT_gene-GU280_gp04	protein_coding	-1	c.-1026delT	.	-1	-1	-1	-1	-1	-1	1026	upstream_gene_variant	NONE	c.-1026delT	.	-1
NC_045512.2	25218	GT	G	M	gene-GU280_gp05	MODIFIER	upstream_gene_variant	transcript	TRANSCRIPT_gene-GU280_gp05	protein_coding	-1	c.-1304delT	.	-1	-1	-1	-1	-1	-1	1304	upstream_gene_variant	NONE	c.-1304delT	.	-1
NC_045512.2	25218	GT	G	ORF6	gene-GU280_gp06	MODIFIER	upstream_gene_variant	transcript	TRANSCRIPT_gene-GU280_gp06	protein_coding	-1	c.-1983delT	.	-1	-1	-1	-1	-1	-1	1983	upstream_gene_variant	NONE	c.-1983delT	.	-1
NC_045512.2	25218	GT	G	ORF7a	gene-GU280_gp07	MODIFIER	upstream_gene_variant	transcript	TRANSCRIPT_gene-GU280_gp07	protein_coding	-1	c.-2175delT	.	-1	-1	-1	-1	-1	-1	2175	upstream_gene_variant	NONE	c.-2175delT	.	-1
NC_045512.2	25218	GT	G	ORF7b	gene-GU280_gp08	MODIFIER	upstream_gene_variant	transcript	TRANSCRIPT_gene-GU280_gp08	protein_coding	-1	c.-2537delT	.	-1	-1	-1	-1	-1	-1	2537	upstream_gene_variant	NONE	c.-2537delT	.	-1
NC_045512.2	25218	GT	G	ORF8	gene-GU280_gp09	MODIFIER	upstream_gene_variant	transcript	TRANSCRIPT_gene-GU280_gp09	protein_coding	-1	c.-2675delT	.	-1	-1	-1	-1	-1	-1	2675	upstream_gene_variant	NONE	c.-2675delT	.	-1
NC_045512.2	25218	GT	G	N	gene-GU280_gp10	MODIFIER	upstream_gene_variant	transcript	TRANSCRIPT_gene-GU280_gp10	protein_coding	-1	c.-3055delT	.	-1	-1	-1	-1	-1	-1	3055	upstream_gene_variant	NONE	c.-3055delT	.	-1
NC_045512.2	25218	GT	G	ORF10	gene-GU280_gp11	MODIFIER	upstream_gene_variant	transcript	TRANSCRIPT_gene-GU280_gp11	protein_coding	-1	c.-4339delT	.	-1	-1	-1	-1	-1	-1	4339	upstream_gene_variant	NONE	c.-4339delT	.	-1
NC_045512.2	25218	GT	G	ORF1ab	gene-GU280_gp01	MODIFIER	downstream_gene_variant	transcript	TRANSCRIPT_gene-GU280_gp01	protein_coding	-1	c.*3664delT	.	-1	-1	-1	-1	-1	-1	3664	downstream_gene_variant	NONE	c.*3664delT	.	-1
NC_045512.2	25397	AT	A	ORF3a	gene-GU280_gp03	HIGH	frameshift_variant	transcript	TRANSCRIPT_gene-GU280_gp03	protein_coding	1	c.8delT	p.Leu3fs	8	828	8	828	3	275	0	frameshift_variant	NONE	c.8delT	p.Leu3fs	275
NC_045512.2	25397	AT	A	E	gene-GU280_gp04	MODIFIER	upstream_gene_variant	transcript	TRANSCRIPT_gene-GU280_gp04	protein_coding	-1	c.-847delT	.	-1	-1	-1	-1	-1	-1	847	upstream_gene_variant	NONE	c.-847delT	.	-1
NC_045512.2	25397	AT	A	M	gene-GU280_gp05	MODIFIER	upstream_gene_variant	transcript	TRANSCRIPT_gene-GU280_gp05	protein_coding	-1	c.-1125delT	.	-1	-1	-1	-1	-1	-1	1125	upstream_gene_variant	NONE	c.-1125delT	.	-1
NC_045512.2	25397	AT	A	ORF6	gene-GU280_gp06	MODIFIER	upstream_gene_variant	transcript	TRANSCRIPT_gene-GU280_gp06	protein_coding	-1	c.-1804delT	.	-1	-1	-1	-1	-1	-1	1804	upstream_gene_variant	NONE	c.-1804delT	.	-1
NC_045512.2	25397	AT	A	ORF7a	gene-GU280_gp07	MODIFIER	upstream_gene_variant	transcript	TRANSCRIPT_gene-GU280_gp07	protein_coding	-1	c.-1996delT	.	-1	-1	-1	-1	-1	-1	1996	upstream_gene_variant	NONE	c.-1996delT	.	-1
NC_045512.2	25397	AT	A	ORF7b	gene-GU280_gp08	MODIFIER	upstream_gene_variant	transcript	TRANSCRIPT_gene-GU280_gp08	protein_coding	-1	c.-2358delT	.	-1	-1	-1	-1	-1	-1	2358	upstream_gene_variant	NONE	c.-2358delT	.	-1
NC_045512.2	25397	AT	A	ORF8	gene-GU280_gp09	MODIFIER	upstream_gene_variant	transcript	TRANSCRIPT_gene-GU280_gp09	protein_coding	-1	c.-2496delT	.	-1	-1	-1	-1	-1	-1	2496	upstream_gene_variant	NONE	c.-2496delT	.	-1
NC_045512.2	25397	AT	A	N	gene-GU280_gp10	MODIFIER	upstream_gene_variant	transcript	TRANSCRIPT_gene-GU280_gp10	protein_coding	-1	c.-2876delT	.	-1	-1	-1	-1	-1	-1	2876	upstream_gene_variant	NONE	c.-2876delT	.	-1
NC_045512.2	25397	AT	A	ORF10	gene-GU280_gp11	MODIFIER	upstream_gene_variant	transcript	TRANSCRIPT_gene-GU280_gp11	protein_coding	-1	c.-4160delT	.	-1	-1	-1	-1	-1	-1	4160	upstream_gene_variant	NONE	c.-4160delT	.	-1
NC_045512.2	25397	AT	A	ORF1ab	gene-GU280_gp01	MODIFIER	downstream_gene_variant	transcript	TRANSCRIPT_gene-GU280_gp01	protein_coding	-1	c.*3843delT	.	-1	-1	-1	-1	-1	-1	3843	downstream_gene_variant	NONE	c.*3843delT	.	-1
NC_045512.2	25397	AT	A	S	gene-GU280_gp02	MODIFIER	downstream_gene_variant	transcript	TRANSCRIPT_gene-GU280_gp02	protein_coding	-1	c.*14delT	.	-1	-1	-1	-1	-1	-1	14	downstream_gene_variant	NONE	c.*14delT	.	-1
NC_045512.2	25472	AT	A	ORF3a	gene-GU280_gp03	HIGH	frameshift_variant	transcript	TRANSCRIPT_gene-GU280_gp03	protein_coding	1	c.84delT	p.Phe28fs	84	828	84	828	28	275	0	frameshift_variant	NONE	c.84delT	p.Phe28fs	275
NC_045512.2	25472	AT	A	E	gene-GU280_gp04	MODIFIER	upstream_gene_variant	transcript	TRANSCRIPT_gene-GU280_gp04	protein_coding	-1	c.-772delT	.	-1	-1	-1	-1	-1	-1	772	upstream_gene_variant	NONE	c.-772delT	.	-1
NC_045512.2	25472	AT	A	M	gene-GU280_gp05	MODIFIER	upstream_gene_variant	transcript	TRANSCRIPT_gene-GU280_gp05	protein_coding	-1	c.-1050delT	.	-1	-1	-1	-1	-1	-1	1050	upstream_gene_variant	NONE	c.-1050delT	.	-1
NC_045512.2	25472	AT	A	ORF6	gene-GU280_gp06	MODIFIER	upstream_gene_variant	transcript	TRANSCRIPT_gene-GU280_gp06	protein_coding	-1	c.-1729delT	.	-1	-1	-1	-1	-1	-1	1729	upstream_gene_variant	NONE	c.-1729delT	.	-1
NC_045512.2	25472	AT	A	ORF7a	gene-GU280_gp07	MODIFIER	upstream_gene_variant	transcript	TRANSCRIPT_gene-GU280_gp07	protein_coding	-1	c.-1921delT	.	-1	-1	-1	-1	-1	-1	1921	upstream_gene_variant	NONE	c.-1921delT	.	-1
NC_045512.2	25472	AT	A	ORF7b	gene-GU280_gp08	MODIFIER	upstream_gene_variant	transcript	TRANSCRIPT_gene-GU280_gp08	protein_coding	-1	c.-2283delT	.	-1	-1	-1	-1	-1	-1	2283	upstream_gene_variant	NONE	c.-2283delT	.	-1
NC_045512.2	25472	AT	A	ORF8	gene-GU280_gp09	MODIFIER	upstream_gene_variant	transcript	TRANSCRIPT_gene-GU280_gp09	protein_coding	-1	c.-2421delT	.	-1	-1	-1	-1	-1	-1	2421	upstream_gene_variant	NONE	c.-2421delT	.	-1
NC_045512.2	25472	AT	A	N	gene-GU280_gp10	MODIFIER	upstream_gene_variant	transcript	TRANSCRIPT_gene-GU280_gp10	protein_coding	-1	c.-2801delT	.	-1	-1	-1	-1	-1	-1	2801	upstream_gene_variant	NONE	c.-2801delT	.	-1
NC_045512.2	25472	AT	A	ORF10	gene-GU280_gp11	MODIFIER	upstream_gene_variant	transcript	TRANSCRIPT_gene-GU280_gp11	protein_coding	-1	c.-4085delT	.	-1	-1	-1	-1	-1	-1	4085	upstream_gene_variant	NONE	c.-4085delT	.	-1
NC_045512.2	25472	AT	A	ORF1ab	gene-GU280_gp01	MODIFIER	downstream_gene_variant	transcript	TRANSCRIPT_gene-GU280_gp01	protein_coding	-1	c.*3918delT	.	-1	-1	-1	-1	-1	-1	3918	downstream_gene_variant	NONE	c.*3918delT	.	-1
NC_045512.2	25472	AT	A	S	gene-GU280_gp02	MODIFIER	downstream_gene_variant	transcript	TRANSCRIPT_gene-GU280_gp02	protein_coding	-1	c.*89delT	.	-1	-1	-1	-1	-1	-1	89	downstream_gene_variant	NONE	c.*89delT	.	-1
NC_045512.2	25500	G	A	ORF3a	gene-GU280_gp03	LOW	synonymous_variant	transcript	TRANSCRIPT_gene-GU280_gp03	protein_coding	1	c.108G>A	p.Pro36Pro	108	828	108	828	36	275	0	synonymous_variant	NONE	c.108G>A	p.Pro36Pro	275
NC_045512.2	25500	G	A	E	gene-GU280_gp04	MODIFIER	upstream_gene_variant	transcript	TRANSCRIPT_gene-GU280_gp04	protein_coding	-1	c.-745G>A	.	-1	-1	-1	-1	-1	-1	745	upstream_gene_variant	NONE	c.-745G>A	.	-1
NC_045512.2	25500	G	A	M	gene-GU280_gp05	MODIFIER	upstream_gene_variant	transcript	TRANSCRIPT_gene-GU280_gp05	protein_coding	-1	c.-1023G>A	.	-1	-1	-1	-1	-1	-1	1023	upstream_gene_variant	NONE	c.-1023G>A	.	-1
NC_045512.2	25500	G	A	ORF6	gene-GU280_gp06	MODIFIER	upstream_gene_variant	transcript	TRANSCRIPT_gene-GU280_gp06	protein_coding	-1	c.-1702G>A	.	-1	-1	-1	-1	-1	-1	1702	upstream_gene_variant	NONE	c.-1702G>A	.	-1
NC_045512.2	25500	G	A	ORF7a	gene-GU280_gp07	MODIFIER	upstream_gene_variant	transcript	TRANSCRIPT_gene-GU280_gp07	protein_coding	-1	c.-1894G>A	.	-1	-1	-1	-1	-1	-1	1894	upstream_gene_variant	NONE	c.-1894G>A	.	-1
NC_045512.2	25500	G	A	ORF7b	gene-GU280_gp08	MODIFIER	upstream_gene_variant	transcript	TRANSCRIPT_gene-GU280_gp08	protein_coding	-1	c.-2256G>A	.	-1	-1	-1	-1	-1	-1	2256	upstream_gene_variant	NONE	c.-2256G>A	.	-1
NC_045512.2	25500	G	A	ORF8	gene-GU280_gp09	MODIFIER	upstream_gene_variant	transcript	TRANSCRIPT_gene-GU280_gp09	protein_coding	-1	c.-2394G>A	.	-1	-1	-1	-1	-1	-1	2394	upstream_gene_variant	NONE	c.-2394G>A	.	-1
NC_045512.2	25500	G	A	N	gene-GU280_gp10	MODIFIER	upstream_gene_variant	transcript	TRANSCRIPT_gene-GU280_gp10	protein_coding	-1	c.-2774G>A	.	-1	-1	-1	-1	-1	-1	2774	upstream_gene_variant	NONE	c.-2774G>A	.	-1
NC_045512.2	25500	G	A	ORF10	gene-GU280_gp11	MODIFIER	upstream_gene_variant	transcript	TRANSCRIPT_gene-GU280_gp11	protein_coding	-1	c.-4058G>A	.	-1	-1	-1	-1	-1	-1	4058	upstream_gene_variant	NONE	c.-4058G>A	.	-1
NC_045512.2	25500	G	A	ORF1ab	gene-GU280_gp01	MODIFIER	downstream_gene_variant	transcript	TRANSCRIPT_gene-GU280_gp01	protein_coding	-1	c.*3945G>A	.	-1	-1	-1	-1	-1	-1	3945	downstream_gene_variant	NONE	c.*3945G>A	.	-1
NC_045512.2	25500	G	A	S	gene-GU280_gp02	MODIFIER	downstream_gene_variant	transcript	TRANSCRIPT_gene-GU280_gp02	protein_coding	-1	c.*116G>A	.	-1	-1	-1	-1	-1	-1	116	downstream_gene_variant	NONE	c.*116G>A	.	-1
NC_045512.2	25563	G	T	ORF3a	gene-GU280_gp03	MODERATE	missense_variant	transcript	TRANSCRIPT_gene-GU280_gp03	protein_coding	1	c.171G>T	p.Gln57His	171	828	171	828	57	275	0	missense_variant	NONE	c.171G>T	p.Gln57His	275
NC_045512.2	25563	G	T	E	gene-GU280_gp04	MODIFIER	upstream_gene_variant	transcript	TRANSCRIPT_gene-GU280_gp04	protein_coding	-1	c.-682G>T	.	-1	-1	-1	-1	-1	-1	682	upstream_gene_variant	NONE	c.-682G>T	.	-1
NC_045512.2	25563	G	T	M	gene-GU280_gp05	MODIFIER	upstream_gene_variant	transcript	TRANSCRIPT_gene-GU280_gp05	protein_coding	-1	c.-960G>T	.	-1	-1	-1	-1	-1	-1	960	upstream_gene_variant	NONE	c.-960G>T	.	-1
NC_045512.2	25563	G	T	ORF6	gene-GU280_gp06	MODIFIER	upstream_gene_variant	transcript	TRANSCRIPT_gene-GU280_gp06	protein_coding	-1	c.-1639G>T	.	-1	-1	-1	-1	-1	-1	1639	upstream_gene_variant	NONE	c.-1639G>T	.	-1
NC_045512.2	25563	G	T	ORF7a	gene-GU280_gp07	MODIFIER	upstream_gene_variant	transcript	TRANSCRIPT_gene-GU280_gp07	protein_coding	-1	c.-1831G>T	.	-1	-1	-1	-1	-1	-1	1831	upstream_gene_variant	NONE	c.-1831G>T	.	-1
NC_045512.2	25563	G	T	ORF7b	gene-GU280_gp08	MODIFIER	upstream_gene_variant	transcript	TRANSCRIPT_gene-GU280_gp08	protein_coding	-1	c.-2193G>T	.	-1	-1	-1	-1	-1	-1	2193	upstream_gene_variant	NONE	c.-2193G>T	.	-1
NC_045512.2	25563	G	T	ORF8	gene-GU280_gp09	MODIFIER	upstream_gene_variant	transcript	TRANSCRIPT_gene-GU280_gp09	protein_coding	-1	c.-2331G>T	.	-1	-1	-1	-1	-1	-1	2331	upstream_gene_variant	NONE	c.-2331G>T	.	-1
NC_045512.2	25563	G	T	N	gene-GU280_gp10	MODIFIER	upstream_gene_variant	transcript	TRANSCRIPT_gene-GU280_gp10	protein_coding	-1	c.-2711G>T	.	-1	-1	-1	-1	-1	-1	2711	upstream_gene_variant	NONE	c.-2711G>T	.	-1
NC_045512.2	25563	G	T	ORF10	gene-GU280_gp11	MODIFIER	upstream_gene_variant	transcript	TRANSCRIPT_gene-GU280_gp11	protein_coding	-1	c.-3995G>T	.	-1	-1	-1	-1	-1	-1	3995	upstream_gene_variant	NONE	c.-3995G>T	.	-1
NC_045512.2	25563	G	T	ORF1ab	gene-GU280_gp01	MODIFIER	downstream_gene_variant	transcript	TRANSCRIPT_gene-GU280_gp01	protein_coding	-1	c.*4008G>T	.	-1	-1	-1	-1	-1	-1	4008	downstream_gene_variant	NONE	c.*4008G>T	.	-1
NC_045512.2	25563	G	T	S	gene-GU280_gp02	MODIFIER	downstream_gene_variant	transcript	TRANSCRIPT_gene-GU280_gp02	protein_coding	-1	c.*179G>T	.	-1	-1	-1	-1	-1	-1	179	downstream_gene_variant	NONE	c.*179G>T	.	-1
NC_045512.2	25568	C	T	ORF3a	gene-GU280_gp03	MODERATE	missense_variant	transcript	TRANSCRIPT_gene-GU280_gp03	protein_coding	1	c.176C>T	p.Ala59Val	176	828	176	828	59	275	0	missense_variant	NONE	c.176C>T	p.Ala59Val	275
NC_045512.2	25568	C	T	E	gene-GU280_gp04	MODIFIER	upstream_gene_variant	transcript	TRANSCRIPT_gene-GU280_gp04	protein_coding	-1	c.-677C>T	.	-1	-1	-1	-1	-1	-1	677	upstream_gene_variant	NONE	c.-677C>T	.	-1
NC_045512.2	25568	C	T	M	gene-GU280_gp05	MODIFIER	upstream_gene_variant	transcript	TRANSCRIPT_gene-GU280_gp05	protein_coding	-1	c.-955C>T	.	-1	-1	-1	-1	-1	-1	955	upstream_gene_variant	NONE	c.-955C>T	.	-1
NC_045512.2	25568	C	T	ORF6	gene-GU280_gp06	MODIFIER	upstream_gene_variant	transcript	TRANSCRIPT_gene-GU280_gp06	protein_coding	-1	c.-1634C>T	.	-1	-1	-1	-1	-1	-1	1634	upstream_gene_variant	NONE	c.-1634C>T	.	-1
NC_045512.2	25568	C	T	ORF7a	gene-GU280_gp07	MODIFIER	upstream_gene_variant	transcript	TRANSCRIPT_gene-GU280_gp07	protein_coding	-1	c.-1826C>T	.	-1	-1	-1	-1	-1	-1	1826	upstream_gene_variant	NONE	c.-1826C>T	.	-1
NC_045512.2	25568	C	T	ORF7b	gene-GU280_gp08	MODIFIER	upstream_gene_variant	transcript	TRANSCRIPT_gene-GU280_gp08	protein_coding	-1	c.-2188C>T	.	-1	-1	-1	-1	-1	-1	2188	upstream_gene_variant	NONE	c.-2188C>T	.	-1
NC_045512.2	25568	C	T	ORF8	gene-GU280_gp09	MODIFIER	upstream_gene_variant	transcript	TRANSCRIPT_gene-GU280_gp09	protein_coding	-1	c.-2326C>T	.	-1	-1	-1	-1	-1	-1	2326	upstream_gene_variant	NONE	c.-2326C>T	.	-1
NC_045512.2	25568	C	T	N	gene-GU280_gp10	MODIFIER	upstream_gene_variant	transcript	TRANSCRIPT_gene-GU280_gp10	protein_coding	-1	c.-2706C>T	.	-1	-1	-1	-1	-1	-1	2706	upstream_gene_variant	NONE	c.-2706C>T	.	-1
NC_045512.2	25568	C	T	ORF10	gene-GU280_gp11	MODIFIER	upstream_gene_variant	transcript	TRANSCRIPT_gene-GU280_gp11	protein_coding	-1	c.-3990C>T	.	-1	-1	-1	-1	-1	-1	3990	upstream_gene_variant	NONE	c.-3990C>T	.	-1
NC_045512.2	25568	C	T	ORF1ab	gene-GU280_gp01	MODIFIER	downstream_gene_variant	transcript	TRANSCRIPT_gene-GU280_gp01	protein_coding	-1	c.*4013C>T	.	-1	-1	-1	-1	-1	-1	4013	downstream_gene_variant	NONE	c.*4013C>T	.	-1
NC_045512.2	25568	C	T	S	gene-GU280_gp02	MODIFIER	downstream_gene_variant	transcript	TRANSCRIPT_gene-GU280_gp02	protein_coding	-1	c.*184C>T	.	-1	-1	-1	-1	-1	-1	184	downstream_gene_variant	NONE	c.*184C>T	.	-1
NC_045512.2	25572	CA	C	ORF3a	gene-GU280_gp03	HIGH	frameshift_variant	transcript	TRANSCRIPT_gene-GU280_gp03	protein_coding	1	c.184delA	p.Ile62fs	184	828	184	828	62	275	0	frameshift_variant	NONE	c.184delA	p.Ile62fs	275
NC_045512.2	25572	CA	C	E	gene-GU280_gp04	MODIFIER	upstream_gene_variant	transcript	TRANSCRIPT_gene-GU280_gp04	protein_coding	-1	c.-672delA	.	-1	-1	-1	-1	-1	-1	672	upstream_gene_variant	NONE	c.-672delA	.	-1
NC_045512.2	25572	CA	C	M	gene-GU280_gp05	MODIFIER	upstream_gene_variant	transcript	TRANSCRIPT_gene-GU280_gp05	protein_coding	-1	c.-950delA	.	-1	-1	-1	-1	-1	-1	950	upstream_gene_variant	NONE	c.-950delA	.	-1
NC_045512.2	25572	CA	C	ORF6	gene-GU280_gp06	MODIFIER	upstream_gene_variant	transcript	TRANSCRIPT_gene-GU280_gp06	protein_coding	-1	c.-1629delA	.	-1	-1	-1	-1	-1	-1	1629	upstream_gene_variant	NONE	c.-1629delA	.	-1
NC_045512.2	25572	CA	C	ORF7a	gene-GU280_gp07	MODIFIER	upstream_gene_variant	transcript	TRANSCRIPT_gene-GU280_gp07	protein_coding	-1	c.-1821delA	.	-1	-1	-1	-1	-1	-1	1821	upstream_gene_variant	NONE	c.-1821delA	.	-1
NC_045512.2	25572	CA	C	ORF7b	gene-GU280_gp08	MODIFIER	upstream_gene_variant	transcript	TRANSCRIPT_gene-GU280_gp08	protein_coding	-1	c.-2183delA	.	-1	-1	-1	-1	-1	-1	2183	upstream_gene_variant	NONE	c.-2183delA	.	-1
NC_045512.2	25572	CA	C	ORF8	gene-GU280_gp09	MODIFIER	upstream_gene_variant	transcript	TRANSCRIPT_gene-GU280_gp09	protein_coding	-1	c.-2321delA	.	-1	-1	-1	-1	-1	-1	2321	upstream_gene_variant	NONE	c.-2321delA	.	-1
NC_045512.2	25572	CA	C	N	gene-GU280_gp10	MODIFIER	upstream_gene_variant	transcript	TRANSCRIPT_gene-GU280_gp10	protein_coding	-1	c.-2701delA	.	-1	-1	-1	-1	-1	-1	2701	upstream_gene_variant	NONE	c.-2701delA	.	-1
NC_045512.2	25572	CA	C	ORF10	gene-GU280_gp11	MODIFIER	upstream_gene_variant	transcript	TRANSCRIPT_gene-GU280_gp11	protein_coding	-1	c.-3985delA	.	-1	-1	-1	-1	-1	-1	3985	upstream_gene_variant	NONE	c.-3985delA	.	-1
NC_045512.2	25572	CA	C	ORF1ab	gene-GU280_gp01	MODIFIER	downstream_gene_variant	transcript	TRANSCRIPT_gene-GU280_gp01	protein_coding	-1	c.*4018delA	.	-1	-1	-1	-1	-1	-1	4018	downstream_gene_variant	NONE	c.*4018delA	.	-1
NC_045512.2	25572	CA	C	S	gene-GU280_gp02	MODIFIER	downstream_gene_variant	transcript	TRANSCRIPT_gene-GU280_gp02	protein_coding	-1	c.*189delA	.	-1	-1	-1	-1	-1	-1	189	downstream_gene_variant	NONE	c.*189delA	.	-1
NC_045512.2	25587	CAA	C	ORF3a	gene-GU280_gp03	HIGH	frameshift_variant	transcript	TRANSCRIPT_gene-GU280_gp03	protein_coding	1	c.199_200delAA	p.Lys67fs	199	828	199	828	67	275	0	frameshift_variant	NONE	c.199_200delAA	p.Lys67fs	275
NC_045512.2	25587	CAA	C	E	gene-GU280_gp04	MODIFIER	upstream_gene_variant	transcript	TRANSCRIPT_gene-GU280_gp04	protein_coding	-1	c.-657_-656delAA	.	-1	-1	-1	-1	-1	-1	657	upstream_gene_variant	NONE	c.-657_-656delAA	.	-1
NC_045512.2	25587	CAA	C	M	gene-GU280_gp05	MODIFIER	upstream_gene_variant	transcript	TRANSCRIPT_gene-GU280_gp05	protein_coding	-1	c.-935_-934delAA	.	-1	-1	-1	-1	-1	-1	935	upstream_gene_variant	NONE	c.-935_-934delAA	.	-1
NC_045512.2	25587	CAA	C	ORF6	gene-GU280_gp06	MODIFIER	upstream_gene_variant	transcript	TRANSCRIPT_gene-GU280_gp06	protein_coding	-1	c.-1614_-1613delAA	.	-1	-1	-1	-1	-1	-1	1614	upstream_gene_variant	NONE	c.-1614_-1613delAA	.	-1
NC_045512.2	25587	CAA	C	ORF7a	gene-GU280_gp07	MODIFIER	upstream_gene_variant	transcript	TRANSCRIPT_gene-GU280_gp07	protein_coding	-1	c.-1806_-1805delAA	.	-1	-1	-1	-1	-1	-1	1806	upstream_gene_variant	NONE	c.-1806_-1805delAA	.	-1
NC_045512.2	25587	CAA	C	ORF7b	gene-GU280_gp08	MODIFIER	upstream_gene_variant	transcript	TRANSCRIPT_gene-GU280_gp08	protein_coding	-1	c.-2168_-2167delAA	.	-1	-1	-1	-1	-1	-1	2168	upstream_gene_variant	NONE	c.-2168_-2167delAA	.	-1
NC_045512.2	25587	CAA	C	ORF8	gene-GU280_gp09	MODIFIER	upstream_gene_variant	transcript	TRANSCRIPT_gene-GU280_gp09	protein_coding	-1	c.-2306_-2305delAA	.	-1	-1	-1	-1	-1	-1	2306	upstream_gene_variant	NONE	c.-2306_-2305delAA	.	-1
NC_045512.2	25587	CAA	C	N	gene-GU280_gp10	MODIFIER	upstream_gene_variant	transcript	TRANSCRIPT_gene-GU280_gp10	protein_coding	-1	c.-2686_-2685delAA	.	-1	-1	-1	-1	-1	-1	2686	upstream_gene_variant	NONE	c.-2686_-2685delAA	.	-1
NC_045512.2	25587	CAA	C	ORF10	gene-GU280_gp11	MODIFIER	upstream_gene_variant	transcript	TRANSCRIPT_gene-GU280_gp11	protein_coding	-1	c.-3970_-3969delAA	.	-1	-1	-1	-1	-1	-1	3970	upstream_gene_variant	NONE	c.-3970_-3969delAA	.	-1
NC_045512.2	25587	CAA	C	ORF1ab	gene-GU280_gp01	MODIFIER	downstream_gene_variant	transcript	TRANSCRIPT_gene-GU280_gp01	protein_coding	-1	c.*4033_*4034delAA	.	-1	-1	-1	-1	-1	-1	4033	downstream_gene_variant	NONE	c.*4033_*4034delAA	.	-1
NC_045512.2	25587	CAA	C	S	gene-GU280_gp02	MODIFIER	downstream_gene_variant	transcript	TRANSCRIPT_gene-GU280_gp02	protein_coding	-1	c.*204_*205delAA	.	-1	-1	-1	-1	-1	-1	204	downstream_gene_variant	NONE	c.*204_*205delAA	.	-1
NC_045512.2	25687	G	C	ORF3a	gene-GU280_gp03	MODERATE	missense_variant	transcript	TRANSCRIPT_gene-GU280_gp03	protein_coding	1	c.295G>C	p.Ala99Pro	295	828	295	828	99	275	0	missense_variant	NONE	c.295G>C	p.Ala99Pro	275
NC_045512.2	25687	G	C	E	gene-GU280_gp04	MODIFIER	upstream_gene_variant	transcript	TRANSCRIPT_gene-GU280_gp04	protein_coding	-1	c.-558G>C	.	-1	-1	-1	-1	-1	-1	558	upstream_gene_variant	NONE	c.-558G>C	.	-1
NC_045512.2	25687	G	C	M	gene-GU280_gp05	MODIFIER	upstream_gene_variant	transcript	TRANSCRIPT_gene-GU280_gp05	protein_coding	-1	c.-836G>C	.	-1	-1	-1	-1	-1	-1	836	upstream_gene_variant	NONE	c.-836G>C	.	-1
NC_045512.2	25687	G	C	ORF6	gene-GU280_gp06	MODIFIER	upstream_gene_variant	transcript	TRANSCRIPT_gene-GU280_gp06	protein_coding	-1	c.-1515G>C	.	-1	-1	-1	-1	-1	-1	1515	upstream_gene_variant	NONE	c.-1515G>C	.	-1
NC_045512.2	25687	G	C	ORF7a	gene-GU280_gp07	MODIFIER	upstream_gene_variant	transcript	TRANSCRIPT_gene-GU280_gp07	protein_coding	-1	c.-1707G>C	.	-1	-1	-1	-1	-1	-1	1707	upstream_gene_variant	NONE	c.-1707G>C	.	-1
NC_045512.2	25687	G	C	ORF7b	gene-GU280_gp08	MODIFIER	upstream_gene_variant	transcript	TRANSCRIPT_gene-GU280_gp08	protein_coding	-1	c.-2069G>C	.	-1	-1	-1	-1	-1	-1	2069	upstream_gene_variant	NONE	c.-2069G>C	.	-1
NC_045512.2	25687	G	C	ORF8	gene-GU280_gp09	MODIFIER	upstream_gene_variant	transcript	TRANSCRIPT_gene-GU280_gp09	protein_coding	-1	c.-2207G>C	.	-1	-1	-1	-1	-1	-1	2207	upstream_gene_variant	NONE	c.-2207G>C	.	-1
NC_045512.2	25687	G	C	N	gene-GU280_gp10	MODIFIER	upstream_gene_variant	transcript	TRANSCRIPT_gene-GU280_gp10	protein_coding	-1	c.-2587G>C	.	-1	-1	-1	-1	-1	-1	2587	upstream_gene_variant	NONE	c.-2587G>C	.	-1
NC_045512.2	25687	G	C	ORF10	gene-GU280_gp11	MODIFIER	upstream_gene_variant	transcript	TRANSCRIPT_gene-GU280_gp11	protein_coding	-1	c.-3871G>C	.	-1	-1	-1	-1	-1	-1	3871	upstream_gene_variant	NONE	c.-3871G>C	.	-1
NC_045512.2	25687	G	C	ORF1ab	gene-GU280_gp01	MODIFIER	downstream_gene_variant	transcript	TRANSCRIPT_gene-GU280_gp01	protein_coding	-1	c.*4132G>C	.	-1	-1	-1	-1	-1	-1	4132	downstream_gene_variant	NONE	c.*4132G>C	.	-1
NC_045512.2	25687	G	C	S	gene-GU280_gp02	MODIFIER	downstream_gene_variant	transcript	TRANSCRIPT_gene-GU280_gp02	protein_coding	-1	c.*303G>C	.	-1	-1	-1	-1	-1	-1	303	downstream_gene_variant	NONE	c.*303G>C	.	-1
NC_045512.2	25771	C	T	ORF3a	gene-GU280_gp03	MODERATE	missense_variant	transcript	TRANSCRIPT_gene-GU280_gp03	protein_coding	1	c.379C>T	p.Leu127Phe	379	828	379	828	127	275	0	missense_variant	NONE	c.379C>T	p.Leu127Phe	275
NC_045512.2	25771	C	T	E	gene-GU280_gp04	MODIFIER	upstream_gene_variant	transcript	TRANSCRIPT_gene-GU280_gp04	protein_coding	-1	c.-474C>T	.	-1	-1	-1	-1	-1	-1	474	upstream_gene_variant	NONE	c.-474C>T	.	-1
NC_045512.2	25771	C	T	M	gene-GU280_gp05	MODIFIER	upstream_gene_variant	transcript	TRANSCRIPT_gene-GU280_gp05	protein_coding	-1	c.-752C>T	.	-1	-1	-1	-1	-1	-1	752	upstream_gene_variant	NONE	c.-752C>T	.	-1
NC_045512.2	25771	C	T	ORF6	gene-GU280_gp06	MODIFIER	upstream_gene_variant	transcript	TRANSCRIPT_gene-GU280_gp06	protein_coding	-1	c.-1431C>T	.	-1	-1	-1	-1	-1	-1	1431	upstream_gene_variant	NONE	c.-1431C>T	.	-1
NC_045512.2	25771	C	T	ORF7a	gene-GU280_gp07	MODIFIER	upstream_gene_variant	transcript	TRANSCRIPT_gene-GU280_gp07	protein_coding	-1	c.-1623C>T	.	-1	-1	-1	-1	-1	-1	1623	upstream_gene_variant	NONE	c.-1623C>T	.	-1
NC_045512.2	25771	C	T	ORF7b	gene-GU280_gp08	MODIFIER	upstream_gene_variant	transcript	TRANSCRIPT_gene-GU280_gp08	protein_coding	-1	c.-1985C>T	.	-1	-1	-1	-1	-1	-1	1985	upstream_gene_variant	NONE	c.-1985C>T	.	-1
NC_045512.2	25771	C	T	ORF8	gene-GU280_gp09	MODIFIER	upstream_gene_variant	transcript	TRANSCRIPT_gene-GU280_gp09	protein_coding	-1	c.-2123C>T	.	-1	-1	-1	-1	-1	-1	2123	upstream_gene_variant	NONE	c.-2123C>T	.	-1
NC_045512.2	25771	C	T	N	gene-GU280_gp10	MODIFIER	upstream_gene_variant	transcript	TRANSCRIPT_gene-GU280_gp10	protein_coding	-1	c.-2503C>T	.	-1	-1	-1	-1	-1	-1	2503	upstream_gene_variant	NONE	c.-2503C>T	.	-1
NC_045512.2	25771	C	T	ORF10	gene-GU280_gp11	MODIFIER	upstream_gene_variant	transcript	TRANSCRIPT_gene-GU280_gp11	protein_coding	-1	c.-3787C>T	.	-1	-1	-1	-1	-1	-1	3787	upstream_gene_variant	NONE	c.-3787C>T	.	-1
NC_045512.2	25771	C	T	ORF1ab	gene-GU280_gp01	MODIFIER	downstream_gene_variant	transcript	TRANSCRIPT_gene-GU280_gp01	protein_coding	-1	c.*4216C>T	.	-1	-1	-1	-1	-1	-1	4216	downstream_gene_variant	NONE	c.*4216C>T	.	-1
NC_045512.2	25771	C	T	S	gene-GU280_gp02	MODIFIER	downstream_gene_variant	transcript	TRANSCRIPT_gene-GU280_gp02	protein_coding	-1	c.*387C>T	.	-1	-1	-1	-1	-1	-1	387	downstream_gene_variant	NONE	c.*387C>T	.	-1
NC_045512.2	25777	C	T	ORF3a	gene-GU280_gp03	MODERATE	missense_variant	transcript	TRANSCRIPT_gene-GU280_gp03	protein_coding	1	c.385C>T	p.Leu129Phe	385	828	385	828	129	275	0	missense_variant	NONE	c.385C>T	p.Leu129Phe	275
NC_045512.2	25777	C	T	E	gene-GU280_gp04	MODIFIER	upstream_gene_variant	transcript	TRANSCRIPT_gene-GU280_gp04	protein_coding	-1	c.-468C>T	.	-1	-1	-1	-1	-1	-1	468	upstream_gene_variant	NONE	c.-468C>T	.	-1
NC_045512.2	25777	C	T	M	gene-GU280_gp05	MODIFIER	upstream_gene_variant	transcript	TRANSCRIPT_gene-GU280_gp05	protein_coding	-1	c.-746C>T	.	-1	-1	-1	-1	-1	-1	746	upstream_gene_variant	NONE	c.-746C>T	.	-1
NC_045512.2	25777	C	T	ORF6	gene-GU280_gp06	MODIFIER	upstream_gene_variant	transcript	TRANSCRIPT_gene-GU280_gp06	protein_coding	-1	c.-1425C>T	.	-1	-1	-1	-1	-1	-1	1425	upstream_gene_variant	NONE	c.-1425C>T	.	-1
NC_045512.2	25777	C	T	ORF7a	gene-GU280_gp07	MODIFIER	upstream_gene_variant	transcript	TRANSCRIPT_gene-GU280_gp07	protein_coding	-1	c.-1617C>T	.	-1	-1	-1	-1	-1	-1	1617	upstream_gene_variant	NONE	c.-1617C>T	.	-1
NC_045512.2	25777	C	T	ORF7b	gene-GU280_gp08	MODIFIER	upstream_gene_variant	transcript	TRANSCRIPT_gene-GU280_gp08	protein_coding	-1	c.-1979C>T	.	-1	-1	-1	-1	-1	-1	1979	upstream_gene_variant	NONE	c.-1979C>T	.	-1
NC_045512.2	25777	C	T	ORF8	gene-GU280_gp09	MODIFIER	upstream_gene_variant	transcript	TRANSCRIPT_gene-GU280_gp09	protein_coding	-1	c.-2117C>T	.	-1	-1	-1	-1	-1	-1	2117	upstream_gene_variant	NONE	c.-2117C>T	.	-1
NC_045512.2	25777	C	T	N	gene-GU280_gp10	MODIFIER	upstream_gene_variant	transcript	TRANSCRIPT_gene-GU280_gp10	protein_coding	-1	c.-2497C>T	.	-1	-1	-1	-1	-1	-1	2497	upstream_gene_variant	NONE	c.-2497C>T	.	-1
NC_045512.2	25777	C	T	ORF10	gene-GU280_gp11	MODIFIER	upstream_gene_variant	transcript	TRANSCRIPT_gene-GU280_gp11	protein_coding	-1	c.-3781C>T	.	-1	-1	-1	-1	-1	-1	3781	upstream_gene_variant	NONE	c.-3781C>T	.	-1
NC_045512.2	25777	C	T	ORF1ab	gene-GU280_gp01	MODIFIER	downstream_gene_variant	transcript	TRANSCRIPT_gene-GU280_gp01	protein_coding	-1	c.*4222C>T	.	-1	-1	-1	-1	-1	-1	4222	downstream_gene_variant	NONE	c.*4222C>T	.	-1
NC_045512.2	25777	C	T	S	gene-GU280_gp02	MODIFIER	downstream_gene_variant	transcript	TRANSCRIPT_gene-GU280_gp02	protein_coding	-1	c.*393C>T	.	-1	-1	-1	-1	-1	-1	393	downstream_gene_variant	NONE	c.*393C>T	.	-1
NC_045512.2	25777	CT	C	ORF3a	gene-GU280_gp03	HIGH	frameshift_variant	transcript	TRANSCRIPT_gene-GU280_gp03	protein_coding	1	c.388delT	p.Cys130fs	388	828	388	828	130	275	0	frameshift_variant	NONE	c.388delT	p.Cys130fs	275
NC_045512.2	25777	CT	C	E	gene-GU280_gp04	MODIFIER	upstream_gene_variant	transcript	TRANSCRIPT_gene-GU280_gp04	protein_coding	-1	c.-467delT	.	-1	-1	-1	-1	-1	-1	467	upstream_gene_variant	NONE	c.-467delT	.	-1
NC_045512.2	25777	CT	C	M	gene-GU280_gp05	MODIFIER	upstream_gene_variant	transcript	TRANSCRIPT_gene-GU280_gp05	protein_coding	-1	c.-745delT	.	-1	-1	-1	-1	-1	-1	745	upstream_gene_variant	NONE	c.-745delT	.	-1
NC_045512.2	25777	CT	C	ORF6	gene-GU280_gp06	MODIFIER	upstream_gene_variant	transcript	TRANSCRIPT_gene-GU280_gp06	protein_coding	-1	c.-1424delT	.	-1	-1	-1	-1	-1	-1	1424	upstream_gene_variant	NONE	c.-1424delT	.	-1
NC_045512.2	25777	CT	C	ORF7a	gene-GU280_gp07	MODIFIER	upstream_gene_variant	transcript	TRANSCRIPT_gene-GU280_gp07	protein_coding	-1	c.-1616delT	.	-1	-1	-1	-1	-1	-1	1616	upstream_gene_variant	NONE	c.-1616delT	.	-1
NC_045512.2	25777	CT	C	ORF7b	gene-GU280_gp08	MODIFIER	upstream_gene_variant	transcript	TRANSCRIPT_gene-GU280_gp08	protein_coding	-1	c.-1978delT	.	-1	-1	-1	-1	-1	-1	1978	upstream_gene_variant	NONE	c.-1978delT	.	-1
NC_045512.2	25777	CT	C	ORF8	gene-GU280_gp09	MODIFIER	upstream_gene_variant	transcript	TRANSCRIPT_gene-GU280_gp09	protein_coding	-1	c.-2116delT	.	-1	-1	-1	-1	-1	-1	2116	upstream_gene_variant	NONE	c.-2116delT	.	-1
NC_045512.2	25777	CT	C	N	gene-GU280_gp10	MODIFIER	upstream_gene_variant	transcript	TRANSCRIPT_gene-GU280_gp10	protein_coding	-1	c.-2496delT	.	-1	-1	-1	-1	-1	-1	2496	upstream_gene_variant	NONE	c.-2496delT	.	-1
NC_045512.2	25777	CT	C	ORF10	gene-GU280_gp11	MODIFIER	upstream_gene_variant	transcript	TRANSCRIPT_gene-GU280_gp11	protein_coding	-1	c.-3780delT	.	-1	-1	-1	-1	-1	-1	3780	upstream_gene_variant	NONE	c.-3780delT	.	-1
NC_045512.2	25777	CT	C	ORF1ab	gene-GU280_gp01	MODIFIER	downstream_gene_variant	transcript	TRANSCRIPT_gene-GU280_gp01	protein_coding	-1	c.*4223delT	.	-1	-1	-1	-1	-1	-1	4223	downstream_gene_variant	NONE	c.*4223delT	.	-1
NC_045512.2	25777	CT	C	S	gene-GU280_gp02	MODIFIER	downstream_gene_variant	transcript	TRANSCRIPT_gene-GU280_gp02	protein_coding	-1	c.*394delT	.	-1	-1	-1	-1	-1	-1	394	downstream_gene_variant	NONE	c.*394delT	.	-1
NC_045512.2	25907	G	T	ORF3a	gene-GU280_gp03	MODERATE	missense_variant	transcript	TRANSCRIPT_gene-GU280_gp03	protein_coding	1	c.515G>T	p.Gly172Val	515	828	515	828	172	275	0	missense_variant	NONE	c.515G>T	p.Gly172Val	275
NC_045512.2	25907	G	T	E	gene-GU280_gp04	MODIFIER	upstream_gene_variant	transcript	TRANSCRIPT_gene-GU280_gp04	protein_coding	-1	c.-338G>T	.	-1	-1	-1	-1	-1	-1	338	upstream_gene_variant	NONE	c.-338G>T	.	-1
NC_045512.2	25907	G	T	M	gene-GU280_gp05	MODIFIER	upstream_gene_variant	transcript	TRANSCRIPT_gene-GU280_gp05	protein_coding	-1	c.-616G>T	.	-1	-1	-1	-1	-1	-1	616	upstream_gene_variant	NONE	c.-616G>T	.	-1
NC_045512.2	25907	G	T	ORF6	gene-GU280_gp06	MODIFIER	upstream_gene_variant	transcript	TRANSCRIPT_gene-GU280_gp06	protein_coding	-1	c.-1295G>T	.	-1	-1	-1	-1	-1	-1	1295	upstream_gene_variant	NONE	c.-1295G>T	.	-1
NC_045512.2	25907	G	T	ORF7a	gene-GU280_gp07	MODIFIER	upstream_gene_variant	transcript	TRANSCRIPT_gene-GU280_gp07	protein_coding	-1	c.-1487G>T	.	-1	-1	-1	-1	-1	-1	1487	upstream_gene_variant	NONE	c.-1487G>T	.	-1
NC_045512.2	25907	G	T	ORF7b	gene-GU280_gp08	MODIFIER	upstream_gene_variant	transcript	TRANSCRIPT_gene-GU280_gp08	protein_coding	-1	c.-1849G>T	.	-1	-1	-1	-1	-1	-1	1849	upstream_gene_variant	NONE	c.-1849G>T	.	-1
NC_045512.2	25907	G	T	ORF8	gene-GU280_gp09	MODIFIER	upstream_gene_variant	transcript	TRANSCRIPT_gene-GU280_gp09	protein_coding	-1	c.-1987G>T	.	-1	-1	-1	-1	-1	-1	1987	upstream_gene_variant	NONE	c.-1987G>T	.	-1
NC_045512.2	25907	G	T	N	gene-GU280_gp10	MODIFIER	upstream_gene_variant	transcript	TRANSCRIPT_gene-GU280_gp10	protein_coding	-1	c.-2367G>T	.	-1	-1	-1	-1	-1	-1	2367	upstream_gene_variant	NONE	c.-2367G>T	.	-1
NC_045512.2	25907	G	T	ORF10	gene-GU280_gp11	MODIFIER	upstream_gene_variant	transcript	TRANSCRIPT_gene-GU280_gp11	protein_coding	-1	c.-3651G>T	.	-1	-1	-1	-1	-1	-1	3651	upstream_gene_variant	NONE	c.-3651G>T	.	-1
NC_045512.2	25907	G	T	ORF1ab	gene-GU280_gp01	MODIFIER	downstream_gene_variant	transcript	TRANSCRIPT_gene-GU280_gp01	protein_coding	-1	c.*4352G>T	.	-1	-1	-1	-1	-1	-1	4352	downstream_gene_variant	NONE	c.*4352G>T	.	-1
NC_045512.2	25907	G	T	S	gene-GU280_gp02	MODIFIER	downstream_gene_variant	transcript	TRANSCRIPT_gene-GU280_gp02	protein_coding	-1	c.*523G>T	.	-1	-1	-1	-1	-1	-1	523	downstream_gene_variant	NONE	c.*523G>T	.	-1
NC_045512.2	25941	C	T	ORF3a	gene-GU280_gp03	LOW	synonymous_variant	transcript	TRANSCRIPT_gene-GU280_gp03	protein_coding	1	c.549C>T	p.Asp183Asp	549	828	549	828	183	275	0	synonymous_variant	NONE	c.549C>T	p.Asp183Asp	275
NC_045512.2	25941	C	T	E	gene-GU280_gp04	MODIFIER	upstream_gene_variant	transcript	TRANSCRIPT_gene-GU280_gp04	protein_coding	-1	c.-304C>T	.	-1	-1	-1	-1	-1	-1	304	upstream_gene_variant	NONE	c.-304C>T	.	-1
NC_045512.2	25941	C	T	M	gene-GU280_gp05	MODIFIER	upstream_gene_variant	transcript	TRANSCRIPT_gene-GU280_gp05	protein_coding	-1	c.-582C>T	.	-1	-1	-1	-1	-1	-1	582	upstream_gene_variant	NONE	c.-582C>T	.	-1
NC_045512.2	25941	C	T	ORF6	gene-GU280_gp06	MODIFIER	upstream_gene_variant	transcript	TRANSCRIPT_gene-GU280_gp06	protein_coding	-1	c.-1261C>T	.	-1	-1	-1	-1	-1	-1	1261	upstream_gene_variant	NONE	c.-1261C>T	.	-1
NC_045512.2	25941	C	T	ORF7a	gene-GU280_gp07	MODIFIER	upstream_gene_variant	transcript	TRANSCRIPT_gene-GU280_gp07	protein_coding	-1	c.-1453C>T	.	-1	-1	-1	-1	-1	-1	1453	upstream_gene_variant	NONE	c.-1453C>T	.	-1
NC_045512.2	25941	C	T	ORF7b	gene-GU280_gp08	MODIFIER	upstream_gene_variant	transcript	TRANSCRIPT_gene-GU280_gp08	protein_coding	-1	c.-1815C>T	.	-1	-1	-1	-1	-1	-1	1815	upstream_gene_variant	NONE	c.-1815C>T	.	-1
NC_045512.2	25941	C	T	ORF8	gene-GU280_gp09	MODIFIER	upstream_gene_variant	transcript	TRANSCRIPT_gene-GU280_gp09	protein_coding	-1	c.-1953C>T	.	-1	-1	-1	-1	-1	-1	1953	upstream_gene_variant	NONE	c.-1953C>T	.	-1
NC_045512.2	25941	C	T	N	gene-GU280_gp10	MODIFIER	upstream_gene_variant	transcript	TRANSCRIPT_gene-GU280_gp10	protein_coding	-1	c.-2333C>T	.	-1	-1	-1	-1	-1	-1	2333	upstream_gene_variant	NONE	c.-2333C>T	.	-1
NC_045512.2	25941	C	T	ORF10	gene-GU280_gp11	MODIFIER	upstream_gene_variant	transcript	TRANSCRIPT_gene-GU280_gp11	protein_coding	-1	c.-3617C>T	.	-1	-1	-1	-1	-1	-1	3617	upstream_gene_variant	NONE	c.-3617C>T	.	-1
NC_045512.2	25941	C	T	ORF1ab	gene-GU280_gp01	MODIFIER	downstream_gene_variant	transcript	TRANSCRIPT_gene-GU280_gp01	protein_coding	-1	c.*4386C>T	.	-1	-1	-1	-1	-1	-1	4386	downstream_gene_variant	NONE	c.*4386C>T	.	-1
NC_045512.2	25941	C	T	S	gene-GU280_gp02	MODIFIER	downstream_gene_variant	transcript	TRANSCRIPT_gene-GU280_gp02	protein_coding	-1	c.*557C>T	.	-1	-1	-1	-1	-1	-1	557	downstream_gene_variant	NONE	c.*557C>T	.	-1
NC_045512.2	25947	G	T	ORF3a	gene-GU280_gp03	MODERATE	missense_variant	transcript	TRANSCRIPT_gene-GU280_gp03	protein_coding	1	c.555G>T	p.Gln185His	555	828	555	828	185	275	0	missense_variant	NONE	c.555G>T	p.Gln185His	275
NC_045512.2	25947	G	T	E	gene-GU280_gp04	MODIFIER	upstream_gene_variant	transcript	TRANSCRIPT_gene-GU280_gp04	protein_coding	-1	c.-298G>T	.	-1	-1	-1	-1	-1	-1	298	upstream_gene_variant	NONE	c.-298G>T	.	-1
NC_045512.2	25947	G	T	M	gene-GU280_gp05	MODIFIER	upstream_gene_variant	transcript	TRANSCRIPT_gene-GU280_gp05	protein_coding	-1	c.-576G>T	.	-1	-1	-1	-1	-1	-1	576	upstream_gene_variant	NONE	c.-576G>T	.	-1
NC_045512.2	25947	G	T	ORF6	gene-GU280_gp06	MODIFIER	upstream_gene_variant	transcript	TRANSCRIPT_gene-GU280_gp06	protein_coding	-1	c.-1255G>T	.	-1	-1	-1	-1	-1	-1	1255	upstream_gene_variant	NONE	c.-1255G>T	.	-1
NC_045512.2	25947	G	T	ORF7a	gene-GU280_gp07	MODIFIER	upstream_gene_variant	transcript	TRANSCRIPT_gene-GU280_gp07	protein_coding	-1	c.-1447G>T	.	-1	-1	-1	-1	-1	-1	1447	upstream_gene_variant	NONE	c.-1447G>T	.	-1
NC_045512.2	25947	G	T	ORF7b	gene-GU280_gp08	MODIFIER	upstream_gene_variant	transcript	TRANSCRIPT_gene-GU280_gp08	protein_coding	-1	c.-1809G>T	.	-1	-1	-1	-1	-1	-1	1809	upstream_gene_variant	NONE	c.-1809G>T	.	-1
NC_045512.2	25947	G	T	ORF8	gene-GU280_gp09	MODIFIER	upstream_gene_variant	transcript	TRANSCRIPT_gene-GU280_gp09	protein_coding	-1	c.-1947G>T	.	-1	-1	-1	-1	-1	-1	1947	upstream_gene_variant	NONE	c.-1947G>T	.	-1
NC_045512.2	25947	G	T	N	gene-GU280_gp10	MODIFIER	upstream_gene_variant	transcript	TRANSCRIPT_gene-GU280_gp10	protein_coding	-1	c.-2327G>T	.	-1	-1	-1	-1	-1	-1	2327	upstream_gene_variant	NONE	c.-2327G>T	.	-1
NC_045512.2	25947	G	T	ORF10	gene-GU280_gp11	MODIFIER	upstream_gene_variant	transcript	TRANSCRIPT_gene-GU280_gp11	protein_coding	-1	c.-3611G>T	.	-1	-1	-1	-1	-1	-1	3611	upstream_gene_variant	NONE	c.-3611G>T	.	-1
NC_045512.2	25947	G	T	ORF1ab	gene-GU280_gp01	MODIFIER	downstream_gene_variant	transcript	TRANSCRIPT_gene-GU280_gp01	protein_coding	-1	c.*4392G>T	.	-1	-1	-1	-1	-1	-1	4392	downstream_gene_variant	NONE	c.*4392G>T	.	-1
NC_045512.2	25947	G	T	S	gene-GU280_gp02	MODIFIER	downstream_gene_variant	transcript	TRANSCRIPT_gene-GU280_gp02	protein_coding	-1	c.*563G>T	.	-1	-1	-1	-1	-1	-1	563	downstream_gene_variant	NONE	c.*563G>T	.	-1
NC_045512.2	25971	G	T	ORF3a	gene-GU280_gp03	MODERATE	missense_variant	transcript	TRANSCRIPT_gene-GU280_gp03	protein_coding	1	c.579G>T	p.Trp193Cys	579	828	579	828	193	275	0	missense_variant	NONE	c.579G>T	p.Trp193Cys	275
NC_045512.2	25971	G	T	E	gene-GU280_gp04	MODIFIER	upstream_gene_variant	transcript	TRANSCRIPT_gene-GU280_gp04	protein_coding	-1	c.-274G>T	.	-1	-1	-1	-1	-1	-1	274	upstream_gene_variant	NONE	c.-274G>T	.	-1
NC_045512.2	25971	G	T	M	gene-GU280_gp05	MODIFIER	upstream_gene_variant	transcript	TRANSCRIPT_gene-GU280_gp05	protein_coding	-1	c.-552G>T	.	-1	-1	-1	-1	-1	-1	552	upstream_gene_variant	NONE	c.-552G>T	.	-1
NC_045512.2	25971	G	T	ORF6	gene-GU280_gp06	MODIFIER	upstream_gene_variant	transcript	TRANSCRIPT_gene-GU280_gp06	protein_coding	-1	c.-1231G>T	.	-1	-1	-1	-1	-1	-1	1231	upstream_gene_variant	NONE	c.-1231G>T	.	-1
NC_045512.2	25971	G	T	ORF7a	gene-GU280_gp07	MODIFIER	upstream_gene_variant	transcript	TRANSCRIPT_gene-GU280_gp07	protein_coding	-1	c.-1423G>T	.	-1	-1	-1	-1	-1	-1	1423	upstream_gene_variant	NONE	c.-1423G>T	.	-1
NC_045512.2	25971	G	T	ORF7b	gene-GU280_gp08	MODIFIER	upstream_gene_variant	transcript	TRANSCRIPT_gene-GU280_gp08	protein_coding	-1	c.-1785G>T	.	-1	-1	-1	-1	-1	-1	1785	upstream_gene_variant	NONE	c.-1785G>T	.	-1
NC_045512.2	25971	G	T	ORF8	gene-GU280_gp09	MODIFIER	upstream_gene_variant	transcript	TRANSCRIPT_gene-GU280_gp09	protein_coding	-1	c.-1923G>T	.	-1	-1	-1	-1	-1	-1	1923	upstream_gene_variant	NONE	c.-1923G>T	.	-1
NC_045512.2	25971	G	T	N	gene-GU280_gp10	MODIFIER	upstream_gene_variant	transcript	TRANSCRIPT_gene-GU280_gp10	protein_coding	-1	c.-2303G>T	.	-1	-1	-1	-1	-1	-1	2303	upstream_gene_variant	NONE	c.-2303G>T	.	-1
NC_045512.2	25971	G	T	ORF10	gene-GU280_gp11	MODIFIER	upstream_gene_variant	transcript	TRANSCRIPT_gene-GU280_gp11	protein_coding	-1	c.-3587G>T	.	-1	-1	-1	-1	-1	-1	3587	upstream_gene_variant	NONE	c.-3587G>T	.	-1
NC_045512.2	25971	G	T	ORF1ab	gene-GU280_gp01	MODIFIER	downstream_gene_variant	transcript	TRANSCRIPT_gene-GU280_gp01	protein_coding	-1	c.*4416G>T	.	-1	-1	-1	-1	-1	-1	4416	downstream_gene_variant	NONE	c.*4416G>T	.	-1
NC_045512.2	25971	G	T	S	gene-GU280_gp02	MODIFIER	downstream_gene_variant	transcript	TRANSCRIPT_gene-GU280_gp02	protein_coding	-1	c.*587G>T	.	-1	-1	-1	-1	-1	-1	587	downstream_gene_variant	NONE	c.*587G>T	.	-1
NC_045512.2	26359	TTG	T	E	gene-GU280_gp04	HIGH	frameshift_variant	transcript	TRANSCRIPT_gene-GU280_gp04	protein_coding	1	c.120_121delTG	p.Ala41fs	120	228	120	228	40	75	0	frameshift_variant	NONE	c.120_121delTG	p.Ala41fs	75
NC_045512.2	26359	TTG	T	M	gene-GU280_gp05	MODIFIER	upstream_gene_variant	transcript	TRANSCRIPT_gene-GU280_gp05	protein_coding	-1	c.-163_-162delTG	.	-1	-1	-1	-1	-1	-1	163	upstream_gene_variant	NONE	c.-163_-162delTG	.	-1
NC_045512.2	26359	TTG	T	ORF6	gene-GU280_gp06	MODIFIER	upstream_gene_variant	transcript	TRANSCRIPT_gene-GU280_gp06	protein_coding	-1	c.-842_-841delTG	.	-1	-1	-1	-1	-1	-1	842	upstream_gene_variant	NONE	c.-842_-841delTG	.	-1
NC_045512.2	26359	TTG	T	ORF7a	gene-GU280_gp07	MODIFIER	upstream_gene_variant	transcript	TRANSCRIPT_gene-GU280_gp07	protein_coding	-1	c.-1034_-1033delTG	.	-1	-1	-1	-1	-1	-1	1034	upstream_gene_variant	NONE	c.-1034_-1033delTG	.	-1
NC_045512.2	26359	TTG	T	ORF7b	gene-GU280_gp08	MODIFIER	upstream_gene_variant	transcript	TRANSCRIPT_gene-GU280_gp08	protein_coding	-1	c.-1396_-1395delTG	.	-1	-1	-1	-1	-1	-1	1396	upstream_gene_variant	NONE	c.-1396_-1395delTG	.	-1
NC_045512.2	26359	TTG	T	ORF8	gene-GU280_gp09	MODIFIER	upstream_gene_variant	transcript	TRANSCRIPT_gene-GU280_gp09	protein_coding	-1	c.-1534_-1533delTG	.	-1	-1	-1	-1	-1	-1	1534	upstream_gene_variant	NONE	c.-1534_-1533delTG	.	-1
NC_045512.2	26359	TTG	T	N	gene-GU280_gp10	MODIFIER	upstream_gene_variant	transcript	TRANSCRIPT_gene-GU280_gp10	protein_coding	-1	c.-1914_-1913delTG	.	-1	-1	-1	-1	-1	-1	1914	upstream_gene_variant	NONE	c.-1914_-1913delTG	.	-1
NC_045512.2	26359	TTG	T	ORF10	gene-GU280_gp11	MODIFIER	upstream_gene_variant	transcript	TRANSCRIPT_gene-GU280_gp11	protein_coding	-1	c.-3198_-3197delTG	.	-1	-1	-1	-1	-1	-1	3198	upstream_gene_variant	NONE	c.-3198_-3197delTG	.	-1
NC_045512.2	26359	TTG	T	ORF1ab	gene-GU280_gp01	MODIFIER	downstream_gene_variant	transcript	TRANSCRIPT_gene-GU280_gp01	protein_coding	-1	c.*4805_*4806delTG	.	-1	-1	-1	-1	-1	-1	4805	downstream_gene_variant	NONE	c.*4805_*4806delTG	.	-1
NC_045512.2	26359	TTG	T	S	gene-GU280_gp02	MODIFIER	downstream_gene_variant	transcript	TRANSCRIPT_gene-GU280_gp02	protein_coding	-1	c.*976_*977delTG	.	-1	-1	-1	-1	-1	-1	976	downstream_gene_variant	NONE	c.*976_*977delTG	.	-1
NC_045512.2	26359	TTG	T	ORF3a	gene-GU280_gp03	MODIFIER	downstream_gene_variant	transcript	TRANSCRIPT_gene-GU280_gp03	protein_coding	-1	c.*140_*141delTG	.	-1	-1	-1	-1	-1	-1	140	downstream_gene_variant	NONE	c.*140_*141delTG	.	-1
NC_045512.2	26439	GA	G	E	gene-GU280_gp04	HIGH	frameshift_variant	transcript	TRANSCRIPT_gene-GU280_gp04	protein_coding	1	c.197delA	p.Asn66fs	197	228	197	228	66	75	0	frameshift_variant	NONE	c.197delA	p.Asn66fs	75
NC_045512.2	26439	GA	G	M	gene-GU280_gp05	MODIFIER	upstream_gene_variant	transcript	TRANSCRIPT_gene-GU280_gp05	protein_coding	-1	c.-83delA	.	-1	-1	-1	-1	-1	-1	83	upstream_gene_variant	NONE	c.-83delA	.	-1
NC_045512.2	26439	GA	G	ORF6	gene-GU280_gp06	MODIFIER	upstream_gene_variant	transcript	TRANSCRIPT_gene-GU280_gp06	protein_coding	-1	c.-762delA	.	-1	-1	-1	-1	-1	-1	762	upstream_gene_variant	NONE	c.-762delA	.	-1
NC_045512.2	26439	GA	G	ORF7a	gene-GU280_gp07	MODIFIER	upstream_gene_variant	transcript	TRANSCRIPT_gene-GU280_gp07	protein_coding	-1	c.-954delA	.	-1	-1	-1	-1	-1	-1	954	upstream_gene_variant	NONE	c.-954delA	.	-1
NC_045512.2	26439	GA	G	ORF7b	gene-GU280_gp08	MODIFIER	upstream_gene_variant	transcript	TRANSCRIPT_gene-GU280_gp08	protein_coding	-1	c.-1316delA	.	-1	-1	-1	-1	-1	-1	1316	upstream_gene_variant	NONE	c.-1316delA	.	-1
NC_045512.2	26439	GA	G	ORF8	gene-GU280_gp09	MODIFIER	upstream_gene_variant	transcript	TRANSCRIPT_gene-GU280_gp09	protein_coding	-1	c.-1454delA	.	-1	-1	-1	-1	-1	-1	1454	upstream_gene_variant	NONE	c.-1454delA	.	-1
NC_045512.2	26439	GA	G	N	gene-GU280_gp10	MODIFIER	upstream_gene_variant	transcript	TRANSCRIPT_gene-GU280_gp10	protein_coding	-1	c.-1834delA	.	-1	-1	-1	-1	-1	-1	1834	upstream_gene_variant	NONE	c.-1834delA	.	-1
NC_045512.2	26439	GA	G	ORF10	gene-GU280_gp11	MODIFIER	upstream_gene_variant	transcript	TRANSCRIPT_gene-GU280_gp11	protein_coding	-1	c.-3118delA	.	-1	-1	-1	-1	-1	-1	3118	upstream_gene_variant	NONE	c.-3118delA	.	-1
NC_045512.2	26439	GA	G	ORF1ab	gene-GU280_gp01	MODIFIER	downstream_gene_variant	transcript	TRANSCRIPT_gene-GU280_gp01	protein_coding	-1	c.*4885delA	.	-1	-1	-1	-1	-1	-1	4885	downstream_gene_variant	NONE	c.*4885delA	.	-1
NC_045512.2	26439	GA	G	S	gene-GU280_gp02	MODIFIER	downstream_gene_variant	transcript	TRANSCRIPT_gene-GU280_gp02	protein_coding	-1	c.*1056delA	.	-1	-1	-1	-1	-1	-1	1056	downstream_gene_variant	NONE	c.*1056delA	.	-1
NC_045512.2	26439	GA	G	ORF3a	gene-GU280_gp03	MODIFIER	downstream_gene_variant	transcript	TRANSCRIPT_gene-GU280_gp03	protein_coding	-1	c.*220delA	.	-1	-1	-1	-1	-1	-1	220	downstream_gene_variant	NONE	c.*220delA	.	-1
NC_045512.2	26486	TATA	T	M	gene-GU280_gp05	MODIFIER	upstream_gene_variant	transcript	TRANSCRIPT_gene-GU280_gp05	protein_coding	-1	c.-36_-34delATA	.	-1	-1	-1	-1	-1	-1	36	upstream_gene_variant	NONE	c.-36_-34delATA	.	-1
NC_045512.2	26486	TATA	T	ORF6	gene-GU280_gp06	MODIFIER	upstream_gene_variant	transcript	TRANSCRIPT_gene-GU280_gp06	protein_coding	-1	c.-715_-713delATA	.	-1	-1	-1	-1	-1	-1	715	upstream_gene_variant	NONE	c.-715_-713delATA	.	-1
NC_045512.2	26486	TATA	T	ORF7a	gene-GU280_gp07	MODIFIER	upstream_gene_variant	transcript	TRANSCRIPT_gene-GU280_gp07	protein_coding	-1	c.-907_-905delATA	.	-1	-1	-1	-1	-1	-1	907	upstream_gene_variant	NONE	c.-907_-905delATA	.	-1
NC_045512.2	26486	TATA	T	ORF7b	gene-GU280_gp08	MODIFIER	upstream_gene_variant	transcript	TRANSCRIPT_gene-GU280_gp08	protein_coding	-1	c.-1269_-1267delATA	.	-1	-1	-1	-1	-1	-1	1269	upstream_gene_variant	NONE	c.-1269_-1267delATA	.	-1
NC_045512.2	26486	TATA	T	ORF8	gene-GU280_gp09	MODIFIER	upstream_gene_variant	transcript	TRANSCRIPT_gene-GU280_gp09	protein_coding	-1	c.-1407_-1405delATA	.	-1	-1	-1	-1	-1	-1	1407	upstream_gene_variant	NONE	c.-1407_-1405delATA	.	-1
NC_045512.2	26486	TATA	T	N	gene-GU280_gp10	MODIFIER	upstream_gene_variant	transcript	TRANSCRIPT_gene-GU280_gp10	protein_coding	-1	c.-1787_-1785delATA	.	-1	-1	-1	-1	-1	-1	1787	upstream_gene_variant	NONE	c.-1787_-1785delATA	.	-1
NC_045512.2	26486	TATA	T	ORF10	gene-GU280_gp11	MODIFIER	upstream_gene_variant	transcript	TRANSCRIPT_gene-GU280_gp11	protein_coding	-1	c.-3071_-3069delATA	.	-1	-1	-1	-1	-1	-1	3071	upstream_gene_variant	NONE	c.-3071_-3069delATA	.	-1
NC_045512.2	26486	TATA	T	ORF1ab	gene-GU280_gp01	MODIFIER	downstream_gene_variant	transcript	TRANSCRIPT_gene-GU280_gp01	protein_coding	-1	c.*4932_*4934delATA	.	-1	-1	-1	-1	-1	-1	4932	downstream_gene_variant	NONE	c.*4932_*4934delATA	.	-1
NC_045512.2	26486	TATA	T	S	gene-GU280_gp02	MODIFIER	downstream_gene_variant	transcript	TRANSCRIPT_gene-GU280_gp02	protein_coding	-1	c.*1103_*1105delATA	.	-1	-1	-1	-1	-1	-1	1103	downstream_gene_variant	NONE	c.*1103_*1105delATA	.	-1
NC_045512.2	26486	TATA	T	ORF3a	gene-GU280_gp03	MODIFIER	downstream_gene_variant	transcript	TRANSCRIPT_gene-GU280_gp03	protein_coding	-1	c.*267_*269delATA	.	-1	-1	-1	-1	-1	-1	267	downstream_gene_variant	NONE	c.*267_*269delATA	.	-1
NC_045512.2	26486	TATA	T	E	gene-GU280_gp04	MODIFIER	downstream_gene_variant	transcript	TRANSCRIPT_gene-GU280_gp04	protein_coding	-1	c.*15_*17delATA	.	-1	-1	-1	-1	-1	-1	15	downstream_gene_variant	NONE	c.*15_*17delATA	.	-1
NC_045512.2	26486	TATA	T	E-M	gene-GU280_gp04-gene-GU280_gp05	MODIFIER	intergenic_region	intergenic_region	gene-GU280_gp04-gene-GU280_gp05	.	-1	n.26487_26489delATA	.	-1	-1	-1	-1	-1	-1	0	intergenic_region	NONE	n.26487_26489delATA	.	-1
NC_045512.2	26493	GT	G	M	gene-GU280_gp05	MODIFIER	upstream_gene_variant	transcript	TRANSCRIPT_gene-GU280_gp05	protein_coding	-1	c.-29delT	.	-1	-1	-1	-1	-1	-1	29	upstream_gene_variant	NONE	c.-29delT	.	-1
NC_045512.2	26493	GT	G	ORF6	gene-GU280_gp06	MODIFIER	upstream_gene_variant	transcript	TRANSCRIPT_gene-GU280_gp06	protein_coding	-1	c.-708delT	.	-1	-1	-1	-1	-1	-1	708	upstream_gene_variant	NONE	c.-708delT	.	-1
NC_045512.2	26493	GT	G	ORF7a	gene-GU280_gp07	MODIFIER	upstream_gene_variant	transcript	TRANSCRIPT_gene-GU280_gp07	protein_coding	-1	c.-900delT	.	-1	-1	-1	-1	-1	-1	900	upstream_gene_variant	NONE	c.-900delT	.	-1
NC_045512.2	26493	GT	G	ORF7b	gene-GU280_gp08	MODIFIER	upstream_gene_variant	transcript	TRANSCRIPT_gene-GU280_gp08	protein_coding	-1	c.-1262delT	.	-1	-1	-1	-1	-1	-1	1262	upstream_gene_variant	NONE	c.-1262delT	.	-1
NC_045512.2	26493	GT	G	ORF8	gene-GU280_gp09	MODIFIER	upstream_gene_variant	transcript	TRANSCRIPT_gene-GU280_gp09	protein_coding	-1	c.-1400delT	.	-1	-1	-1	-1	-1	-1	1400	upstream_gene_variant	NONE	c.-1400delT	.	-1
NC_045512.2	26493	GT	G	N	gene-GU280_gp10	MODIFIER	upstream_gene_variant	transcript	TRANSCRIPT_gene-GU280_gp10	protein_coding	-1	c.-1780delT	.	-1	-1	-1	-1	-1	-1	1780	upstream_gene_variant	NONE	c.-1780delT	.	-1
NC_045512.2	26493	GT	G	ORF10	gene-GU280_gp11	MODIFIER	upstream_gene_variant	transcript	TRANSCRIPT_gene-GU280_gp11	protein_coding	-1	c.-3064delT	.	-1	-1	-1	-1	-1	-1	3064	upstream_gene_variant	NONE	c.-3064delT	.	-1
NC_045512.2	26493	GT	G	ORF1ab	gene-GU280_gp01	MODIFIER	downstream_gene_variant	transcript	TRANSCRIPT_gene-GU280_gp01	protein_coding	-1	c.*4939delT	.	-1	-1	-1	-1	-1	-1	4939	downstream_gene_variant	NONE	c.*4939delT	.	-1
NC_045512.2	26493	GT	G	S	gene-GU280_gp02	MODIFIER	downstream_gene_variant	transcript	TRANSCRIPT_gene-GU280_gp02	protein_coding	-1	c.*1110delT	.	-1	-1	-1	-1	-1	-1	1110	downstream_gene_variant	NONE	c.*1110delT	.	-1
NC_045512.2	26493	GT	G	ORF3a	gene-GU280_gp03	MODIFIER	downstream_gene_variant	transcript	TRANSCRIPT_gene-GU280_gp03	protein_coding	-1	c.*274delT	.	-1	-1	-1	-1	-1	-1	274	downstream_gene_variant	NONE	c.*274delT	.	-1
NC_045512.2	26493	GT	G	E	gene-GU280_gp04	MODIFIER	downstream_gene_variant	transcript	TRANSCRIPT_gene-GU280_gp04	protein_coding	-1	c.*22delT	.	-1	-1	-1	-1	-1	-1	22	downstream_gene_variant	NONE	c.*22delT	.	-1
NC_045512.2	26493	GT	G	E-M	gene-GU280_gp04-gene-GU280_gp05	MODIFIER	intergenic_region	intergenic_region	gene-GU280_gp04-gene-GU280_gp05	.	-1	n.26494delT	.	-1	-1	-1	-1	-1	-1	0	intergenic_region	NONE	n.26494delT	.	-1
NC_045512.2	26509	CT	C	M	gene-GU280_gp05	MODIFIER	upstream_gene_variant	transcript	TRANSCRIPT_gene-GU280_gp05	protein_coding	-1	c.-13delT	.	-1	-1	-1	-1	-1	-1	13	upstream_gene_variant	NONE	c.-13delT	.	-1
NC_045512.2	26509	CT	C	ORF6	gene-GU280_gp06	MODIFIER	upstream_gene_variant	transcript	TRANSCRIPT_gene-GU280_gp06	protein_coding	-1	c.-692delT	.	-1	-1	-1	-1	-1	-1	692	upstream_gene_variant	NONE	c.-692delT	.	-1
NC_045512.2	26509	CT	C	ORF7a	gene-GU280_gp07	MODIFIER	upstream_gene_variant	transcript	TRANSCRIPT_gene-GU280_gp07	protein_coding	-1	c.-884delT	.	-1	-1	-1	-1	-1	-1	884	upstream_gene_variant	NONE	c.-884delT	.	-1
NC_045512.2	26509	CT	C	ORF7b	gene-GU280_gp08	MODIFIER	upstream_gene_variant	transcript	TRANSCRIPT_gene-GU280_gp08	protein_coding	-1	c.-1246delT	.	-1	-1	-1	-1	-1	-1	1246	upstream_gene_variant	NONE	c.-1246delT	.	-1
NC_045512.2	26509	CT	C	ORF8	gene-GU280_gp09	MODIFIER	upstream_gene_variant	transcript	TRANSCRIPT_gene-GU280_gp09	protein_coding	-1	c.-1384delT	.	-1	-1	-1	-1	-1	-1	1384	upstream_gene_variant	NONE	c.-1384delT	.	-1
NC_045512.2	26509	CT	C	N	gene-GU280_gp10	MODIFIER	upstream_gene_variant	transcript	TRANSCRIPT_gene-GU280_gp10	protein_coding	-1	c.-1764delT	.	-1	-1	-1	-1	-1	-1	1764	upstream_gene_variant	NONE	c.-1764delT	.	-1
NC_045512.2	26509	CT	C	ORF10	gene-GU280_gp11	MODIFIER	upstream_gene_variant	transcript	TRANSCRIPT_gene-GU280_gp11	protein_coding	-1	c.-3048delT	.	-1	-1	-1	-1	-1	-1	3048	upstream_gene_variant	NONE	c.-3048delT	.	-1
NC_045512.2	26509	CT	C	ORF1ab	gene-GU280_gp01	MODIFIER	downstream_gene_variant	transcript	TRANSCRIPT_gene-GU280_gp01	protein_coding	-1	c.*4955delT	.	-1	-1	-1	-1	-1	-1	4955	downstream_gene_variant	NONE	c.*4955delT	.	-1
NC_045512.2	26509	CT	C	S	gene-GU280_gp02	MODIFIER	downstream_gene_variant	transcript	TRANSCRIPT_gene-GU280_gp02	protein_coding	-1	c.*1126delT	.	-1	-1	-1	-1	-1	-1	1126	downstream_gene_variant	NONE	c.*1126delT	.	-1
NC_045512.2	26509	CT	C	ORF3a	gene-GU280_gp03	MODIFIER	downstream_gene_variant	transcript	TRANSCRIPT_gene-GU280_gp03	protein_coding	-1	c.*290delT	.	-1	-1	-1	-1	-1	-1	290	downstream_gene_variant	NONE	c.*290delT	.	-1
NC_045512.2	26509	CT	C	E	gene-GU280_gp04	MODIFIER	downstream_gene_variant	transcript	TRANSCRIPT_gene-GU280_gp04	protein_coding	-1	c.*38delT	.	-1	-1	-1	-1	-1	-1	38	downstream_gene_variant	NONE	c.*38delT	.	-1
NC_045512.2	26509	CT	C	E-M	gene-GU280_gp04-gene-GU280_gp05	MODIFIER	intergenic_region	intergenic_region	gene-GU280_gp04-gene-GU280_gp05	.	-1	n.26510delT	.	-1	-1	-1	-1	-1	-1	0	intergenic_region	NONE	n.26510delT	.	-1
NC_045512.2	26510	T	C	M	gene-GU280_gp05	MODIFIER	upstream_gene_variant	transcript	TRANSCRIPT_gene-GU280_gp05	protein_coding	-1	c.-13T>C	.	-1	-1	-1	-1	-1	-1	13	upstream_gene_variant	NONE	c.-13T>C	.	-1
NC_045512.2	26510	T	C	ORF6	gene-GU280_gp06	MODIFIER	upstream_gene_variant	transcript	TRANSCRIPT_gene-GU280_gp06	protein_coding	-1	c.-692T>C	.	-1	-1	-1	-1	-1	-1	692	upstream_gene_variant	NONE	c.-692T>C	.	-1
NC_045512.2	26510	T	C	ORF7a	gene-GU280_gp07	MODIFIER	upstream_gene_variant	transcript	TRANSCRIPT_gene-GU280_gp07	protein_coding	-1	c.-884T>C	.	-1	-1	-1	-1	-1	-1	884	upstream_gene_variant	NONE	c.-884T>C	.	-1
NC_045512.2	26510	T	C	ORF7b	gene-GU280_gp08	MODIFIER	upstream_gene_variant	transcript	TRANSCRIPT_gene-GU280_gp08	protein_coding	-1	c.-1246T>C	.	-1	-1	-1	-1	-1	-1	1246	upstream_gene_variant	NONE	c.-1246T>C	.	-1
NC_045512.2	26510	T	C	ORF8	gene-GU280_gp09	MODIFIER	upstream_gene_variant	transcript	TRANSCRIPT_gene-GU280_gp09	protein_coding	-1	c.-1384T>C	.	-1	-1	-1	-1	-1	-1	1384	upstream_gene_variant	NONE	c.-1384T>C	.	-1
NC_045512.2	26510	T	C	N	gene-GU280_gp10	MODIFIER	upstream_gene_variant	transcript	TRANSCRIPT_gene-GU280_gp10	protein_coding	-1	c.-1764T>C	.	-1	-1	-1	-1	-1	-1	1764	upstream_gene_variant	NONE	c.-1764T>C	.	-1
NC_045512.2	26510	T	C	ORF10	gene-GU280_gp11	MODIFIER	upstream_gene_variant	transcript	TRANSCRIPT_gene-GU280_gp11	protein_coding	-1	c.-3048T>C	.	-1	-1	-1	-1	-1	-1	3048	upstream_gene_variant	NONE	c.-3048T>C	.	-1
NC_045512.2	26510	T	C	ORF1ab	gene-GU280_gp01	MODIFIER	downstream_gene_variant	transcript	TRANSCRIPT_gene-GU280_gp01	protein_coding	-1	c.*4955T>C	.	-1	-1	-1	-1	-1	-1	4955	downstream_gene_variant	NONE	c.*4955T>C	.	-1
NC_045512.2	26510	T	C	S	gene-GU280_gp02	MODIFIER	downstream_gene_variant	transcript	TRANSCRIPT_gene-GU280_gp02	protein_coding	-1	c.*1126T>C	.	-1	-1	-1	-1	-1	-1	1126	downstream_gene_variant	NONE	c.*1126T>C	.	-1
NC_045512.2	26510	T	C	ORF3a	gene-GU280_gp03	MODIFIER	downstream_gene_variant	transcript	TRANSCRIPT_gene-GU280_gp03	protein_coding	-1	c.*290T>C	.	-1	-1	-1	-1	-1	-1	290	downstream_gene_variant	NONE	c.*290T>C	.	-1
NC_045512.2	26510	T	C	E	gene-GU280_gp04	MODIFIER	downstream_gene_variant	transcript	TRANSCRIPT_gene-GU280_gp04	protein_coding	-1	c.*38T>C	.	-1	-1	-1	-1	-1	-1	38	downstream_gene_variant	NONE	c.*38T>C	.	-1
NC_045512.2	26510	T	C	E-M	gene-GU280_gp04-gene-GU280_gp05	MODIFIER	intergenic_region	intergenic_region	gene-GU280_gp04-gene-GU280_gp05	.	-1	n.26510T>C	.	-1	-1	-1	-1	-1	-1	0	intergenic_region	NONE	n.26510T>C	.	-1
NC_045512.2	26608	T	C	M	gene-GU280_gp05	MODERATE	missense_variant	transcript	TRANSCRIPT_gene-GU280_gp05	protein_coding	1	c.86T>C	p.Leu29Pro	86	669	86	669	29	222	0	missense_variant	NONE	c.86T>C	p.Leu29Pro	222
NC_045512.2	26608	T	C	ORF6	gene-GU280_gp06	MODIFIER	upstream_gene_variant	transcript	TRANSCRIPT_gene-GU280_gp06	protein_coding	-1	c.-594T>C	.	-1	-1	-1	-1	-1	-1	594	upstream_gene_variant	NONE	c.-594T>C	.	-1
NC_045512.2	26608	T	C	ORF7a	gene-GU280_gp07	MODIFIER	upstream_gene_variant	transcript	TRANSCRIPT_gene-GU280_gp07	protein_coding	-1	c.-786T>C	.	-1	-1	-1	-1	-1	-1	786	upstream_gene_variant	NONE	c.-786T>C	.	-1
NC_045512.2	26608	T	C	ORF7b	gene-GU280_gp08	MODIFIER	upstream_gene_variant	transcript	TRANSCRIPT_gene-GU280_gp08	protein_coding	-1	c.-1148T>C	.	-1	-1	-1	-1	-1	-1	1148	upstream_gene_variant	NONE	c.-1148T>C	.	-1
NC_045512.2	26608	T	C	ORF8	gene-GU280_gp09	MODIFIER	upstream_gene_variant	transcript	TRANSCRIPT_gene-GU280_gp09	protein_coding	-1	c.-1286T>C	.	-1	-1	-1	-1	-1	-1	1286	upstream_gene_variant	NONE	c.-1286T>C	.	-1
NC_045512.2	26608	T	C	N	gene-GU280_gp10	MODIFIER	upstream_gene_variant	transcript	TRANSCRIPT_gene-GU280_gp10	protein_coding	-1	c.-1666T>C	.	-1	-1	-1	-1	-1	-1	1666	upstream_gene_variant	NONE	c.-1666T>C	.	-1
NC_045512.2	26608	T	C	ORF10	gene-GU280_gp11	MODIFIER	upstream_gene_variant	transcript	TRANSCRIPT_gene-GU280_gp11	protein_coding	-1	c.-2950T>C	.	-1	-1	-1	-1	-1	-1	2950	upstream_gene_variant	NONE	c.-2950T>C	.	-1
NC_045512.2	26608	T	C	S	gene-GU280_gp02	MODIFIER	downstream_gene_variant	transcript	TRANSCRIPT_gene-GU280_gp02	protein_coding	-1	c.*1224T>C	.	-1	-1	-1	-1	-1	-1	1224	downstream_gene_variant	NONE	c.*1224T>C	.	-1
NC_045512.2	26608	T	C	ORF3a	gene-GU280_gp03	MODIFIER	downstream_gene_variant	transcript	TRANSCRIPT_gene-GU280_gp03	protein_coding	-1	c.*388T>C	.	-1	-1	-1	-1	-1	-1	388	downstream_gene_variant	NONE	c.*388T>C	.	-1
NC_045512.2	26608	T	C	E	gene-GU280_gp04	MODIFIER	downstream_gene_variant	transcript	TRANSCRIPT_gene-GU280_gp04	protein_coding	-1	c.*136T>C	.	-1	-1	-1	-1	-1	-1	136	downstream_gene_variant	NONE	c.*136T>C	.	-1
NC_045512.2	26626	T	C	M	gene-GU280_gp05	MODERATE	missense_variant	transcript	TRANSCRIPT_gene-GU280_gp05	protein_coding	1	c.104T>C	p.Leu35Pro	104	669	104	669	35	222	0	missense_variant	NONE	c.104T>C	p.Leu35Pro	222
NC_045512.2	26626	T	C	ORF6	gene-GU280_gp06	MODIFIER	upstream_gene_variant	transcript	TRANSCRIPT_gene-GU280_gp06	protein_coding	-1	c.-576T>C	.	-1	-1	-1	-1	-1	-1	576	upstream_gene_variant	NONE	c.-576T>C	.	-1
NC_045512.2	26626	T	C	ORF7a	gene-GU280_gp07	MODIFIER	upstream_gene_variant	transcript	TRANSCRIPT_gene-GU280_gp07	protein_coding	-1	c.-768T>C	.	-1	-1	-1	-1	-1	-1	768	upstream_gene_variant	NONE	c.-768T>C	.	-1
NC_045512.2	26626	T	C	ORF7b	gene-GU280_gp08	MODIFIER	upstream_gene_variant	transcript	TRANSCRIPT_gene-GU280_gp08	protein_coding	-1	c.-1130T>C	.	-1	-1	-1	-1	-1	-1	1130	upstream_gene_variant	NONE	c.-1130T>C	.	-1
NC_045512.2	26626	T	C	ORF8	gene-GU280_gp09	MODIFIER	upstream_gene_variant	transcript	TRANSCRIPT_gene-GU280_gp09	protein_coding	-1	c.-1268T>C	.	-1	-1	-1	-1	-1	-1	1268	upstream_gene_variant	NONE	c.-1268T>C	.	-1
NC_045512.2	26626	T	C	N	gene-GU280_gp10	MODIFIER	upstream_gene_variant	transcript	TRANSCRIPT_gene-GU280_gp10	protein_coding	-1	c.-1648T>C	.	-1	-1	-1	-1	-1	-1	1648	upstream_gene_variant	NONE	c.-1648T>C	.	-1
NC_045512.2	26626	T	C	ORF10	gene-GU280_gp11	MODIFIER	upstream_gene_variant	transcript	TRANSCRIPT_gene-GU280_gp11	protein_coding	-1	c.-2932T>C	.	-1	-1	-1	-1	-1	-1	2932	upstream_gene_variant	NONE	c.-2932T>C	.	-1
NC_045512.2	26626	T	C	S	gene-GU280_gp02	MODIFIER	downstream_gene_variant	transcript	TRANSCRIPT_gene-GU280_gp02	protein_coding	-1	c.*1242T>C	.	-1	-1	-1	-1	-1	-1	1242	downstream_gene_variant	NONE	c.*1242T>C	.	-1
NC_045512.2	26626	T	C	ORF3a	gene-GU280_gp03	MODIFIER	downstream_gene_variant	transcript	TRANSCRIPT_gene-GU280_gp03	protein_coding	-1	c.*406T>C	.	-1	-1	-1	-1	-1	-1	406	downstream_gene_variant	NONE	c.*406T>C	.	-1
NC_045512.2	26626	T	C	E	gene-GU280_gp04	MODIFIER	downstream_gene_variant	transcript	TRANSCRIPT_gene-GU280_gp04	protein_coding	-1	c.*154T>C	.	-1	-1	-1	-1	-1	-1	154	downstream_gene_variant	NONE	c.*154T>C	.	-1
NC_045512.2	26660	G	T	M	gene-GU280_gp05	MODERATE	missense_variant	transcript	TRANSCRIPT_gene-GU280_gp05	protein_coding	1	c.138G>T	p.Leu46Phe	138	669	138	669	46	222	0	missense_variant	NONE	c.138G>T	p.Leu46Phe	222
NC_045512.2	26660	G	T	ORF6	gene-GU280_gp06	MODIFIER	upstream_gene_variant	transcript	TRANSCRIPT_gene-GU280_gp06	protein_coding	-1	c.-542G>T	.	-1	-1	-1	-1	-1	-1	542	upstream_gene_variant	NONE	c.-542G>T	.	-1
NC_045512.2	26660	G	T	ORF7a	gene-GU280_gp07	MODIFIER	upstream_gene_variant	transcript	TRANSCRIPT_gene-GU280_gp07	protein_coding	-1	c.-734G>T	.	-1	-1	-1	-1	-1	-1	734	upstream_gene_variant	NONE	c.-734G>T	.	-1
NC_045512.2	26660	G	T	ORF7b	gene-GU280_gp08	MODIFIER	upstream_gene_variant	transcript	TRANSCRIPT_gene-GU280_gp08	protein_coding	-1	c.-1096G>T	.	-1	-1	-1	-1	-1	-1	1096	upstream_gene_variant	NONE	c.-1096G>T	.	-1
NC_045512.2	26660	G	T	ORF8	gene-GU280_gp09	MODIFIER	upstream_gene_variant	transcript	TRANSCRIPT_gene-GU280_gp09	protein_coding	-1	c.-1234G>T	.	-1	-1	-1	-1	-1	-1	1234	upstream_gene_variant	NONE	c.-1234G>T	.	-1
NC_045512.2	26660	G	T	N	gene-GU280_gp10	MODIFIER	upstream_gene_variant	transcript	TRANSCRIPT_gene-GU280_gp10	protein_coding	-1	c.-1614G>T	.	-1	-1	-1	-1	-1	-1	1614	upstream_gene_variant	NONE	c.-1614G>T	.	-1
NC_045512.2	26660	G	T	ORF10	gene-GU280_gp11	MODIFIER	upstream_gene_variant	transcript	TRANSCRIPT_gene-GU280_gp11	protein_coding	-1	c.-2898G>T	.	-1	-1	-1	-1	-1	-1	2898	upstream_gene_variant	NONE	c.-2898G>T	.	-1
NC_045512.2	26660	G	T	S	gene-GU280_gp02	MODIFIER	downstream_gene_variant	transcript	TRANSCRIPT_gene-GU280_gp02	protein_coding	-1	c.*1276G>T	.	-1	-1	-1	-1	-1	-1	1276	downstream_gene_variant	NONE	c.*1276G>T	.	-1
NC_045512.2	26660	G	T	ORF3a	gene-GU280_gp03	MODIFIER	downstream_gene_variant	transcript	TRANSCRIPT_gene-GU280_gp03	protein_coding	-1	c.*440G>T	.	-1	-1	-1	-1	-1	-1	440	downstream_gene_variant	NONE	c.*440G>T	.	-1
NC_045512.2	26660	G	T	E	gene-GU280_gp04	MODIFIER	downstream_gene_variant	transcript	TRANSCRIPT_gene-GU280_gp04	protein_coding	-1	c.*188G>T	.	-1	-1	-1	-1	-1	-1	188	downstream_gene_variant	NONE	c.*188G>T	.	-1
NC_045512.2	26697	C	T	M	gene-GU280_gp05	MODERATE	missense_variant	transcript	TRANSCRIPT_gene-GU280_gp05	protein_coding	1	c.175C>T	p.Pro59Ser	175	669	175	669	59	222	0	missense_variant	NONE	c.175C>T	p.Pro59Ser	222
NC_045512.2	26697	C	T	ORF6	gene-GU280_gp06	MODIFIER	upstream_gene_variant	transcript	TRANSCRIPT_gene-GU280_gp06	protein_coding	-1	c.-505C>T	.	-1	-1	-1	-1	-1	-1	505	upstream_gene_variant	NONE	c.-505C>T	.	-1
NC_045512.2	26697	C	T	ORF7a	gene-GU280_gp07	MODIFIER	upstream_gene_variant	transcript	TRANSCRIPT_gene-GU280_gp07	protein_coding	-1	c.-697C>T	.	-1	-1	-1	-1	-1	-1	697	upstream_gene_variant	NONE	c.-697C>T	.	-1
NC_045512.2	26697	C	T	ORF7b	gene-GU280_gp08	MODIFIER	upstream_gene_variant	transcript	TRANSCRIPT_gene-GU280_gp08	protein_coding	-1	c.-1059C>T	.	-1	-1	-1	-1	-1	-1	1059	upstream_gene_variant	NONE	c.-1059C>T	.	-1
NC_045512.2	26697	C	T	ORF8	gene-GU280_gp09	MODIFIER	upstream_gene_variant	transcript	TRANSCRIPT_gene-GU280_gp09	protein_coding	-1	c.-1197C>T	.	-1	-1	-1	-1	-1	-1	1197	upstream_gene_variant	NONE	c.-1197C>T	.	-1
NC_045512.2	26697	C	T	N	gene-GU280_gp10	MODIFIER	upstream_gene_variant	transcript	TRANSCRIPT_gene-GU280_gp10	protein_coding	-1	c.-1577C>T	.	-1	-1	-1	-1	-1	-1	1577	upstream_gene_variant	NONE	c.-1577C>T	.	-1
NC_045512.2	26697	C	T	ORF10	gene-GU280_gp11	MODIFIER	upstream_gene_variant	transcript	TRANSCRIPT_gene-GU280_gp11	protein_coding	-1	c.-2861C>T	.	-1	-1	-1	-1	-1	-1	2861	upstream_gene_variant	NONE	c.-2861C>T	.	-1
NC_045512.2	26697	C	T	S	gene-GU280_gp02	MODIFIER	downstream_gene_variant	transcript	TRANSCRIPT_gene-GU280_gp02	protein_coding	-1	c.*1313C>T	.	-1	-1	-1	-1	-1	-1	1313	downstream_gene_variant	NONE	c.*1313C>T	.	-1
NC_045512.2	26697	C	T	ORF3a	gene-GU280_gp03	MODIFIER	downstream_gene_variant	transcript	TRANSCRIPT_gene-GU280_gp03	protein_coding	-1	c.*477C>T	.	-1	-1	-1	-1	-1	-1	477	downstream_gene_variant	NONE	c.*477C>T	.	-1
NC_045512.2	26697	C	T	E	gene-GU280_gp04	MODIFIER	downstream_gene_variant	transcript	TRANSCRIPT_gene-GU280_gp04	protein_coding	-1	c.*225C>T	.	-1	-1	-1	-1	-1	-1	225	downstream_gene_variant	NONE	c.*225C>T	.	-1
NC_045512.2	26909	G	T	M	gene-GU280_gp05	LOW	synonymous_variant	transcript	TRANSCRIPT_gene-GU280_gp05	protein_coding	1	c.387G>T	p.Leu129Leu	387	669	387	669	129	222	0	synonymous_variant	NONE	c.387G>T	p.Leu129Leu	222
NC_045512.2	26909	G	T	ORF6	gene-GU280_gp06	MODIFIER	upstream_gene_variant	transcript	TRANSCRIPT_gene-GU280_gp06	protein_coding	-1	c.-293G>T	.	-1	-1	-1	-1	-1	-1	293	upstream_gene_variant	NONE	c.-293G>T	.	-1
NC_045512.2	26909	G	T	ORF7a	gene-GU280_gp07	MODIFIER	upstream_gene_variant	transcript	TRANSCRIPT_gene-GU280_gp07	protein_coding	-1	c.-485G>T	.	-1	-1	-1	-1	-1	-1	485	upstream_gene_variant	NONE	c.-485G>T	.	-1
NC_045512.2	26909	G	T	ORF7b	gene-GU280_gp08	MODIFIER	upstream_gene_variant	transcript	TRANSCRIPT_gene-GU280_gp08	protein_coding	-1	c.-847G>T	.	-1	-1	-1	-1	-1	-1	847	upstream_gene_variant	NONE	c.-847G>T	.	-1
NC_045512.2	26909	G	T	ORF8	gene-GU280_gp09	MODIFIER	upstream_gene_variant	transcript	TRANSCRIPT_gene-GU280_gp09	protein_coding	-1	c.-985G>T	.	-1	-1	-1	-1	-1	-1	985	upstream_gene_variant	NONE	c.-985G>T	.	-1
NC_045512.2	26909	G	T	N	gene-GU280_gp10	MODIFIER	upstream_gene_variant	transcript	TRANSCRIPT_gene-GU280_gp10	protein_coding	-1	c.-1365G>T	.	-1	-1	-1	-1	-1	-1	1365	upstream_gene_variant	NONE	c.-1365G>T	.	-1
NC_045512.2	26909	G	T	ORF10	gene-GU280_gp11	MODIFIER	upstream_gene_variant	transcript	TRANSCRIPT_gene-GU280_gp11	protein_coding	-1	c.-2649G>T	.	-1	-1	-1	-1	-1	-1	2649	upstream_gene_variant	NONE	c.-2649G>T	.	-1
NC_045512.2	26909	G	T	S	gene-GU280_gp02	MODIFIER	downstream_gene_variant	transcript	TRANSCRIPT_gene-GU280_gp02	protein_coding	-1	c.*1525G>T	.	-1	-1	-1	-1	-1	-1	1525	downstream_gene_variant	NONE	c.*1525G>T	.	-1
NC_045512.2	26909	G	T	ORF3a	gene-GU280_gp03	MODIFIER	downstream_gene_variant	transcript	TRANSCRIPT_gene-GU280_gp03	protein_coding	-1	c.*689G>T	.	-1	-1	-1	-1	-1	-1	689	downstream_gene_variant	NONE	c.*689G>T	.	-1
NC_045512.2	26909	G	T	E	gene-GU280_gp04	MODIFIER	downstream_gene_variant	transcript	TRANSCRIPT_gene-GU280_gp04	protein_coding	-1	c.*437G>T	.	-1	-1	-1	-1	-1	-1	437	downstream_gene_variant	NONE	c.*437G>T	.	-1
NC_045512.2	26917	C	T	M	gene-GU280_gp05	MODERATE	missense_variant	transcript	TRANSCRIPT_gene-GU280_gp05	protein_coding	1	c.395C>T	p.Pro132Leu	395	669	395	669	132	222	0	missense_variant	NONE	c.395C>T	p.Pro132Leu	222
NC_045512.2	26917	C	T	ORF6	gene-GU280_gp06	MODIFIER	upstream_gene_variant	transcript	TRANSCRIPT_gene-GU280_gp06	protein_coding	-1	c.-285C>T	.	-1	-1	-1	-1	-1	-1	285	upstream_gene_variant	NONE	c.-285C>T	.	-1
NC_045512.2	26917	C	T	ORF7a	gene-GU280_gp07	MODIFIER	upstream_gene_variant	transcript	TRANSCRIPT_gene-GU280_gp07	protein_coding	-1	c.-477C>T	.	-1	-1	-1	-1	-1	-1	477	upstream_gene_variant	NONE	c.-477C>T	.	-1
NC_045512.2	26917	C	T	ORF7b	gene-GU280_gp08	MODIFIER	upstream_gene_variant	transcript	TRANSCRIPT_gene-GU280_gp08	protein_coding	-1	c.-839C>T	.	-1	-1	-1	-1	-1	-1	839	upstream_gene_variant	NONE	c.-839C>T	.	-1
NC_045512.2	26917	C	T	ORF8	gene-GU280_gp09	MODIFIER	upstream_gene_variant	transcript	TRANSCRIPT_gene-GU280_gp09	protein_coding	-1	c.-977C>T	.	-1	-1	-1	-1	-1	-1	977	upstream_gene_variant	NONE	c.-977C>T	.	-1
NC_045512.2	26917	C	T	N	gene-GU280_gp10	MODIFIER	upstream_gene_variant	transcript	TRANSCRIPT_gene-GU280_gp10	protein_coding	-1	c.-1357C>T	.	-1	-1	-1	-1	-1	-1	1357	upstream_gene_variant	NONE	c.-1357C>T	.	-1
NC_045512.2	26917	C	T	ORF10	gene-GU280_gp11	MODIFIER	upstream_gene_variant	transcript	TRANSCRIPT_gene-GU280_gp11	protein_coding	-1	c.-2641C>T	.	-1	-1	-1	-1	-1	-1	2641	upstream_gene_variant	NONE	c.-2641C>T	.	-1
NC_045512.2	26917	C	T	S	gene-GU280_gp02	MODIFIER	downstream_gene_variant	transcript	TRANSCRIPT_gene-GU280_gp02	protein_coding	-1	c.*1533C>T	.	-1	-1	-1	-1	-1	-1	1533	downstream_gene_variant	NONE	c.*1533C>T	.	-1
NC_045512.2	26917	C	T	ORF3a	gene-GU280_gp03	MODIFIER	downstream_gene_variant	transcript	TRANSCRIPT_gene-GU280_gp03	protein_coding	-1	c.*697C>T	.	-1	-1	-1	-1	-1	-1	697	downstream_gene_variant	NONE	c.*697C>T	.	-1
NC_045512.2	26917	C	T	E	gene-GU280_gp04	MODIFIER	downstream_gene_variant	transcript	TRANSCRIPT_gene-GU280_gp04	protein_coding	-1	c.*445C>T	.	-1	-1	-1	-1	-1	-1	445	downstream_gene_variant	NONE	c.*445C>T	.	-1
NC_045512.2	26954	C	T	M	gene-GU280_gp05	LOW	synonymous_variant	transcript	TRANSCRIPT_gene-GU280_gp05	protein_coding	1	c.432C>T	p.Ile144Ile	432	669	432	669	144	222	0	synonymous_variant	NONE	c.432C>T	p.Ile144Ile	222
NC_045512.2	26954	C	T	ORF6	gene-GU280_gp06	MODIFIER	upstream_gene_variant	transcript	TRANSCRIPT_gene-GU280_gp06	protein_coding	-1	c.-248C>T	.	-1	-1	-1	-1	-1	-1	248	upstream_gene_variant	NONE	c.-248C>T	.	-1
NC_045512.2	26954	C	T	ORF7a	gene-GU280_gp07	MODIFIER	upstream_gene_variant	transcript	TRANSCRIPT_gene-GU280_gp07	protein_coding	-1	c.-440C>T	.	-1	-1	-1	-1	-1	-1	440	upstream_gene_variant	NONE	c.-440C>T	.	-1
NC_045512.2	26954	C	T	ORF7b	gene-GU280_gp08	MODIFIER	upstream_gene_variant	transcript	TRANSCRIPT_gene-GU280_gp08	protein_coding	-1	c.-802C>T	.	-1	-1	-1	-1	-1	-1	802	upstream_gene_variant	NONE	c.-802C>T	.	-1
NC_045512.2	26954	C	T	ORF8	gene-GU280_gp09	MODIFIER	upstream_gene_variant	transcript	TRANSCRIPT_gene-GU280_gp09	protein_coding	-1	c.-940C>T	.	-1	-1	-1	-1	-1	-1	940	upstream_gene_variant	NONE	c.-940C>T	.	-1
NC_045512.2	26954	C	T	N	gene-GU280_gp10	MODIFIER	upstream_gene_variant	transcript	TRANSCRIPT_gene-GU280_gp10	protein_coding	-1	c.-1320C>T	.	-1	-1	-1	-1	-1	-1	1320	upstream_gene_variant	NONE	c.-1320C>T	.	-1
NC_045512.2	26954	C	T	ORF10	gene-GU280_gp11	MODIFIER	upstream_gene_variant	transcript	TRANSCRIPT_gene-GU280_gp11	protein_coding	-1	c.-2604C>T	.	-1	-1	-1	-1	-1	-1	2604	upstream_gene_variant	NONE	c.-2604C>T	.	-1
NC_045512.2	26954	C	T	S	gene-GU280_gp02	MODIFIER	downstream_gene_variant	transcript	TRANSCRIPT_gene-GU280_gp02	protein_coding	-1	c.*1570C>T	.	-1	-1	-1	-1	-1	-1	1570	downstream_gene_variant	NONE	c.*1570C>T	.	-1
NC_045512.2	26954	C	T	ORF3a	gene-GU280_gp03	MODIFIER	downstream_gene_variant	transcript	TRANSCRIPT_gene-GU280_gp03	protein_coding	-1	c.*734C>T	.	-1	-1	-1	-1	-1	-1	734	downstream_gene_variant	NONE	c.*734C>T	.	-1
NC_045512.2	26954	C	T	E	gene-GU280_gp04	MODIFIER	downstream_gene_variant	transcript	TRANSCRIPT_gene-GU280_gp04	protein_coding	-1	c.*482C>T	.	-1	-1	-1	-1	-1	-1	482	downstream_gene_variant	NONE	c.*482C>T	.	-1
NC_045512.2	27406	CT	C	ORF7a	gene-GU280_gp07	HIGH	frameshift_variant	transcript	TRANSCRIPT_gene-GU280_gp07	protein_coding	1	c.17delT	p.Phe6fs	17	366	17	366	6	121	0	frameshift_variant	NONE	c.17delT	p.Phe6fs	121
NC_045512.2	27406	CT	C	ORF7b	gene-GU280_gp08	MODIFIER	upstream_gene_variant	transcript	TRANSCRIPT_gene-GU280_gp08	protein_coding	-1	c.-349delT	.	-1	-1	-1	-1	-1	-1	349	upstream_gene_variant	NONE	c.-349delT	.	-1
NC_045512.2	27406	CT	C	ORF8	gene-GU280_gp09	MODIFIER	upstream_gene_variant	transcript	TRANSCRIPT_gene-GU280_gp09	protein_coding	-1	c.-487delT	.	-1	-1	-1	-1	-1	-1	487	upstream_gene_variant	NONE	c.-487delT	.	-1
NC_045512.2	27406	CT	C	N	gene-GU280_gp10	MODIFIER	upstream_gene_variant	transcript	TRANSCRIPT_gene-GU280_gp10	protein_coding	-1	c.-867delT	.	-1	-1	-1	-1	-1	-1	867	upstream_gene_variant	NONE	c.-867delT	.	-1
NC_045512.2	27406	CT	C	ORF10	gene-GU280_gp11	MODIFIER	upstream_gene_variant	transcript	TRANSCRIPT_gene-GU280_gp11	protein_coding	-1	c.-2151delT	.	-1	-1	-1	-1	-1	-1	2151	upstream_gene_variant	NONE	c.-2151delT	.	-1
NC_045512.2	27406	CT	C	S	gene-GU280_gp02	MODIFIER	downstream_gene_variant	transcript	TRANSCRIPT_gene-GU280_gp02	protein_coding	-1	c.*2023delT	.	-1	-1	-1	-1	-1	-1	2023	downstream_gene_variant	NONE	c.*2023delT	.	-1
NC_045512.2	27406	CT	C	ORF3a	gene-GU280_gp03	MODIFIER	downstream_gene_variant	transcript	TRANSCRIPT_gene-GU280_gp03	protein_coding	-1	c.*1187delT	.	-1	-1	-1	-1	-1	-1	1187	downstream_gene_variant	NONE	c.*1187delT	.	-1
NC_045512.2	27406	CT	C	E	gene-GU280_gp04	MODIFIER	downstream_gene_variant	transcript	TRANSCRIPT_gene-GU280_gp04	protein_coding	-1	c.*935delT	.	-1	-1	-1	-1	-1	-1	935	downstream_gene_variant	NONE	c.*935delT	.	-1
NC_045512.2	27406	CT	C	M	gene-GU280_gp05	MODIFIER	downstream_gene_variant	transcript	TRANSCRIPT_gene-GU280_gp05	protein_coding	-1	c.*216delT	.	-1	-1	-1	-1	-1	-1	216	downstream_gene_variant	NONE	c.*216delT	.	-1
NC_045512.2	27406	CT	C	ORF6	gene-GU280_gp06	MODIFIER	downstream_gene_variant	transcript	TRANSCRIPT_gene-GU280_gp06	protein_coding	-1	c.*20delT	.	-1	-1	-1	-1	-1	-1	20	downstream_gene_variant	NONE	c.*20delT	.	-1
NC_045512.2	27408	T	C	ORF7a	gene-GU280_gp07	LOW	synonymous_variant	transcript	TRANSCRIPT_gene-GU280_gp07	protein_coding	1	c.15T>C	p.Leu5Leu	15	366	15	366	5	121	0	synonymous_variant	NONE	c.15T>C	p.Leu5Leu	121
NC_045512.2	27408	T	C	ORF7b	gene-GU280_gp08	MODIFIER	upstream_gene_variant	transcript	TRANSCRIPT_gene-GU280_gp08	protein_coding	-1	c.-348T>C	.	-1	-1	-1	-1	-1	-1	348	upstream_gene_variant	NONE	c.-348T>C	.	-1
NC_045512.2	27408	T	C	ORF8	gene-GU280_gp09	MODIFIER	upstream_gene_variant	transcript	TRANSCRIPT_gene-GU280_gp09	protein_coding	-1	c.-486T>C	.	-1	-1	-1	-1	-1	-1	486	upstream_gene_variant	NONE	c.-486T>C	.	-1
NC_045512.2	27408	T	C	N	gene-GU280_gp10	MODIFIER	upstream_gene_variant	transcript	TRANSCRIPT_gene-GU280_gp10	protein_coding	-1	c.-866T>C	.	-1	-1	-1	-1	-1	-1	866	upstream_gene_variant	NONE	c.-866T>C	.	-1
NC_045512.2	27408	T	C	ORF10	gene-GU280_gp11	MODIFIER	upstream_gene_variant	transcript	TRANSCRIPT_gene-GU280_gp11	protein_coding	-1	c.-2150T>C	.	-1	-1	-1	-1	-1	-1	2150	upstream_gene_variant	NONE	c.-2150T>C	.	-1
NC_045512.2	27408	T	C	S	gene-GU280_gp02	MODIFIER	downstream_gene_variant	transcript	TRANSCRIPT_gene-GU280_gp02	protein_coding	-1	c.*2024T>C	.	-1	-1	-1	-1	-1	-1	2024	downstream_gene_variant	NONE	c.*2024T>C	.	-1
NC_045512.2	27408	T	C	ORF3a	gene-GU280_gp03	MODIFIER	downstream_gene_variant	transcript	TRANSCRIPT_gene-GU280_gp03	protein_coding	-1	c.*1188T>C	.	-1	-1	-1	-1	-1	-1	1188	downstream_gene_variant	NONE	c.*1188T>C	.	-1
NC_045512.2	27408	T	C	E	gene-GU280_gp04	MODIFIER	downstream_gene_variant	transcript	TRANSCRIPT_gene-GU280_gp04	protein_coding	-1	c.*936T>C	.	-1	-1	-1	-1	-1	-1	936	downstream_gene_variant	NONE	c.*936T>C	.	-1
NC_045512.2	27408	T	C	M	gene-GU280_gp05	MODIFIER	downstream_gene_variant	transcript	TRANSCRIPT_gene-GU280_gp05	protein_coding	-1	c.*217T>C	.	-1	-1	-1	-1	-1	-1	217	downstream_gene_variant	NONE	c.*217T>C	.	-1
NC_045512.2	27408	T	C	ORF6	gene-GU280_gp06	MODIFIER	downstream_gene_variant	transcript	TRANSCRIPT_gene-GU280_gp06	protein_coding	-1	c.*21T>C	.	-1	-1	-1	-1	-1	-1	21	downstream_gene_variant	NONE	c.*21T>C	.	-1
NC_045512.2	27549	CA	C	ORF7a	gene-GU280_gp07	HIGH	frameshift_variant	transcript	TRANSCRIPT_gene-GU280_gp07	protein_coding	1	c.159delA	p.Lys53fs	159	366	159	366	53	121	0	frameshift_variant	NONE	c.159delA	p.Lys53fs	121
NC_045512.2	27549	CA	C	ORF7b	gene-GU280_gp08	MODIFIER	upstream_gene_variant	transcript	TRANSCRIPT_gene-GU280_gp08	protein_coding	-1	c.-206delA	.	-1	-1	-1	-1	-1	-1	206	upstream_gene_variant	NONE	c.-206delA	.	-1
NC_045512.2	27549	CA	C	ORF8	gene-GU280_gp09	MODIFIER	upstream_gene_variant	transcript	TRANSCRIPT_gene-GU280_gp09	protein_coding	-1	c.-344delA	.	-1	-1	-1	-1	-1	-1	344	upstream_gene_variant	NONE	c.-344delA	.	-1
NC_045512.2	27549	CA	C	N	gene-GU280_gp10	MODIFIER	upstream_gene_variant	transcript	TRANSCRIPT_gene-GU280_gp10	protein_coding	-1	c.-724delA	.	-1	-1	-1	-1	-1	-1	724	upstream_gene_variant	NONE	c.-724delA	.	-1
NC_045512.2	27549	CA	C	ORF10	gene-GU280_gp11	MODIFIER	upstream_gene_variant	transcript	TRANSCRIPT_gene-GU280_gp11	protein_coding	-1	c.-2008delA	.	-1	-1	-1	-1	-1	-1	2008	upstream_gene_variant	NONE	c.-2008delA	.	-1
NC_045512.2	27549	CA	C	S	gene-GU280_gp02	MODIFIER	downstream_gene_variant	transcript	TRANSCRIPT_gene-GU280_gp02	protein_coding	-1	c.*2166delA	.	-1	-1	-1	-1	-1	-1	2166	downstream_gene_variant	NONE	c.*2166delA	.	-1
NC_045512.2	27549	CA	C	ORF3a	gene-GU280_gp03	MODIFIER	downstream_gene_variant	transcript	TRANSCRIPT_gene-GU280_gp03	protein_coding	-1	c.*1330delA	.	-1	-1	-1	-1	-1	-1	1330	downstream_gene_variant	NONE	c.*1330delA	.	-1
NC_045512.2	27549	CA	C	E	gene-GU280_gp04	MODIFIER	downstream_gene_variant	transcript	TRANSCRIPT_gene-GU280_gp04	protein_coding	-1	c.*1078delA	.	-1	-1	-1	-1	-1	-1	1078	downstream_gene_variant	NONE	c.*1078delA	.	-1
NC_045512.2	27549	CA	C	M	gene-GU280_gp05	MODIFIER	downstream_gene_variant	transcript	TRANSCRIPT_gene-GU280_gp05	protein_coding	-1	c.*359delA	.	-1	-1	-1	-1	-1	-1	359	downstream_gene_variant	NONE	c.*359delA	.	-1
NC_045512.2	27549	CA	C	ORF6	gene-GU280_gp06	MODIFIER	downstream_gene_variant	transcript	TRANSCRIPT_gene-GU280_gp06	protein_coding	-1	c.*163delA	.	-1	-1	-1	-1	-1	-1	163	downstream_gene_variant	NONE	c.*163delA	.	-1
NC_045512.2	27751	A	G	ORF7a	gene-GU280_gp07	MODERATE	missense_variant	transcript	TRANSCRIPT_gene-GU280_gp07	protein_coding	1	c.358A>G	p.Thr120Ala	358	366	358	366	120	121	0	missense_variant	NONE	c.358A>G	p.Thr120Ala	121
NC_045512.2	27751	A	G	ORF7b	gene-GU280_gp08	MODIFIER	upstream_gene_variant	transcript	TRANSCRIPT_gene-GU280_gp08	protein_coding	-1	c.-5A>G	.	-1	-1	-1	-1	-1	-1	5	upstream_gene_variant	NONE	c.-5A>G	.	-1
NC_045512.2	27751	A	G	ORF8	gene-GU280_gp09	MODIFIER	upstream_gene_variant	transcript	TRANSCRIPT_gene-GU280_gp09	protein_coding	-1	c.-143A>G	.	-1	-1	-1	-1	-1	-1	143	upstream_gene_variant	NONE	c.-143A>G	.	-1
NC_045512.2	27751	A	G	N	gene-GU280_gp10	MODIFIER	upstream_gene_variant	transcript	TRANSCRIPT_gene-GU280_gp10	protein_coding	-1	c.-523A>G	.	-1	-1	-1	-1	-1	-1	523	upstream_gene_variant	NONE	c.-523A>G	.	-1
NC_045512.2	27751	A	G	ORF10	gene-GU280_gp11	MODIFIER	upstream_gene_variant	transcript	TRANSCRIPT_gene-GU280_gp11	protein_coding	-1	c.-1807A>G	.	-1	-1	-1	-1	-1	-1	1807	upstream_gene_variant	NONE	c.-1807A>G	.	-1
NC_045512.2	27751	A	G	S	gene-GU280_gp02	MODIFIER	downstream_gene_variant	transcript	TRANSCRIPT_gene-GU280_gp02	protein_coding	-1	c.*2367A>G	.	-1	-1	-1	-1	-1	-1	2367	downstream_gene_variant	NONE	c.*2367A>G	.	-1
NC_045512.2	27751	A	G	ORF3a	gene-GU280_gp03	MODIFIER	downstream_gene_variant	transcript	TRANSCRIPT_gene-GU280_gp03	protein_coding	-1	c.*1531A>G	.	-1	-1	-1	-1	-1	-1	1531	downstream_gene_variant	NONE	c.*1531A>G	.	-1
NC_045512.2	27751	A	G	E	gene-GU280_gp04	MODIFIER	downstream_gene_variant	transcript	TRANSCRIPT_gene-GU280_gp04	protein_coding	-1	c.*1279A>G	.	-1	-1	-1	-1	-1	-1	1279	downstream_gene_variant	NONE	c.*1279A>G	.	-1
NC_045512.2	27751	A	G	M	gene-GU280_gp05	MODIFIER	downstream_gene_variant	transcript	TRANSCRIPT_gene-GU280_gp05	protein_coding	-1	c.*560A>G	.	-1	-1	-1	-1	-1	-1	560	downstream_gene_variant	NONE	c.*560A>G	.	-1
NC_045512.2	27751	A	G	ORF6	gene-GU280_gp06	MODIFIER	downstream_gene_variant	transcript	TRANSCRIPT_gene-GU280_gp06	protein_coding	-1	c.*364A>G	.	-1	-1	-1	-1	-1	-1	364	downstream_gene_variant	NONE	c.*364A>G	.	-1
NC_045512.2	27836	CT	C	ORF7b	gene-GU280_gp08	HIGH	frameshift_variant	transcript	TRANSCRIPT_gene-GU280_gp08	protein_coding	1	c.85delT	p.Trp29fs	85	132	85	132	29	43	0	frameshift_variant	NONE	c.85delT	p.Trp29fs	43
NC_045512.2	27836	CT	C	ORF8	gene-GU280_gp09	MODIFIER	upstream_gene_variant	transcript	TRANSCRIPT_gene-GU280_gp09	protein_coding	-1	c.-57delT	.	-1	-1	-1	-1	-1	-1	57	upstream_gene_variant	NONE	c.-57delT	.	-1
NC_045512.2	27836	CT	C	N	gene-GU280_gp10	MODIFIER	upstream_gene_variant	transcript	TRANSCRIPT_gene-GU280_gp10	protein_coding	-1	c.-437delT	.	-1	-1	-1	-1	-1	-1	437	upstream_gene_variant	NONE	c.-437delT	.	-1
NC_045512.2	27836	CT	C	ORF10	gene-GU280_gp11	MODIFIER	upstream_gene_variant	transcript	TRANSCRIPT_gene-GU280_gp11	protein_coding	-1	c.-1721delT	.	-1	-1	-1	-1	-1	-1	1721	upstream_gene_variant	NONE	c.-1721delT	.	-1
NC_045512.2	27836	CT	C	S	gene-GU280_gp02	MODIFIER	downstream_gene_variant	transcript	TRANSCRIPT_gene-GU280_gp02	protein_coding	-1	c.*2453delT	.	-1	-1	-1	-1	-1	-1	2453	downstream_gene_variant	NONE	c.*2453delT	.	-1
NC_045512.2	27836	CT	C	ORF3a	gene-GU280_gp03	MODIFIER	downstream_gene_variant	transcript	TRANSCRIPT_gene-GU280_gp03	protein_coding	-1	c.*1617delT	.	-1	-1	-1	-1	-1	-1	1617	downstream_gene_variant	NONE	c.*1617delT	.	-1
NC_045512.2	27836	CT	C	E	gene-GU280_gp04	MODIFIER	downstream_gene_variant	transcript	TRANSCRIPT_gene-GU280_gp04	protein_coding	-1	c.*1365delT	.	-1	-1	-1	-1	-1	-1	1365	downstream_gene_variant	NONE	c.*1365delT	.	-1
NC_045512.2	27836	CT	C	M	gene-GU280_gp05	MODIFIER	downstream_gene_variant	transcript	TRANSCRIPT_gene-GU280_gp05	protein_coding	-1	c.*646delT	.	-1	-1	-1	-1	-1	-1	646	downstream_gene_variant	NONE	c.*646delT	.	-1
NC_045512.2	27836	CT	C	ORF6	gene-GU280_gp06	MODIFIER	downstream_gene_variant	transcript	TRANSCRIPT_gene-GU280_gp06	protein_coding	-1	c.*450delT	.	-1	-1	-1	-1	-1	-1	450	downstream_gene_variant	NONE	c.*450delT	.	-1
NC_045512.2	27836	CT	C	ORF7a	gene-GU280_gp07	MODIFIER	downstream_gene_variant	transcript	TRANSCRIPT_gene-GU280_gp07	protein_coding	-1	c.*78delT	.	-1	-1	-1	-1	-1	-1	78	downstream_gene_variant	NONE	c.*78delT	.	-1
NC_045512.2	27964	C	T	ORF8	gene-GU280_gp09	MODERATE	missense_variant	transcript	TRANSCRIPT_gene-GU280_gp09	protein_coding	1	c.71C>T	p.Ser24Leu	71	366	71	366	24	121	0	missense_variant	NONE	c.71C>T	p.Ser24Leu	121
NC_045512.2	27964	C	T	N	gene-GU280_gp10	MODIFIER	upstream_gene_variant	transcript	TRANSCRIPT_gene-GU280_gp10	protein_coding	-1	c.-310C>T	.	-1	-1	-1	-1	-1	-1	310	upstream_gene_variant	NONE	c.-310C>T	.	-1
NC_045512.2	27964	C	T	ORF10	gene-GU280_gp11	MODIFIER	upstream_gene_variant	transcript	TRANSCRIPT_gene-GU280_gp11	protein_coding	-1	c.-1594C>T	.	-1	-1	-1	-1	-1	-1	1594	upstream_gene_variant	NONE	c.-1594C>T	.	-1
NC_045512.2	27964	C	T	S	gene-GU280_gp02	MODIFIER	downstream_gene_variant	transcript	TRANSCRIPT_gene-GU280_gp02	protein_coding	-1	c.*2580C>T	.	-1	-1	-1	-1	-1	-1	2580	downstream_gene_variant	NONE	c.*2580C>T	.	-1
NC_045512.2	27964	C	T	ORF3a	gene-GU280_gp03	MODIFIER	downstream_gene_variant	transcript	TRANSCRIPT_gene-GU280_gp03	protein_coding	-1	c.*1744C>T	.	-1	-1	-1	-1	-1	-1	1744	downstream_gene_variant	NONE	c.*1744C>T	.	-1
NC_045512.2	27964	C	T	E	gene-GU280_gp04	MODIFIER	downstream_gene_variant	transcript	TRANSCRIPT_gene-GU280_gp04	protein_coding	-1	c.*1492C>T	.	-1	-1	-1	-1	-1	-1	1492	downstream_gene_variant	NONE	c.*1492C>T	.	-1
NC_045512.2	27964	C	T	M	gene-GU280_gp05	MODIFIER	downstream_gene_variant	transcript	TRANSCRIPT_gene-GU280_gp05	protein_coding	-1	c.*773C>T	.	-1	-1	-1	-1	-1	-1	773	downstream_gene_variant	NONE	c.*773C>T	.	-1
NC_045512.2	27964	C	T	ORF6	gene-GU280_gp06	MODIFIER	downstream_gene_variant	transcript	TRANSCRIPT_gene-GU280_gp06	protein_coding	-1	c.*577C>T	.	-1	-1	-1	-1	-1	-1	577	downstream_gene_variant	NONE	c.*577C>T	.	-1
NC_045512.2	27964	C	T	ORF7a	gene-GU280_gp07	MODIFIER	downstream_gene_variant	transcript	TRANSCRIPT_gene-GU280_gp07	protein_coding	-1	c.*205C>T	.	-1	-1	-1	-1	-1	-1	205	downstream_gene_variant	NONE	c.*205C>T	.	-1
NC_045512.2	27964	C	T	ORF7b	gene-GU280_gp08	MODIFIER	downstream_gene_variant	transcript	TRANSCRIPT_gene-GU280_gp08	protein_coding	-1	c.*77C>T	.	-1	-1	-1	-1	-1	-1	77	downstream_gene_variant	NONE	c.*77C>T	.	-1
NC_045512.2	28007	T	C	ORF8	gene-GU280_gp09	LOW	synonymous_variant	transcript	TRANSCRIPT_gene-GU280_gp09	protein_coding	1	c.114T>C	p.Pro38Pro	114	366	114	366	38	121	0	synonymous_variant	NONE	c.114T>C	p.Pro38Pro	121
NC_045512.2	28007	T	C	N	gene-GU280_gp10	MODIFIER	upstream_gene_variant	transcript	TRANSCRIPT_gene-GU280_gp10	protein_coding	-1	c.-267T>C	.	-1	-1	-1	-1	-1	-1	267	upstream_gene_variant	NONE	c.-267T>C	.	-1
NC_045512.2	28007	T	C	ORF10	gene-GU280_gp11	MODIFIER	upstream_gene_variant	transcript	TRANSCRIPT_gene-GU280_gp11	protein_coding	-1	c.-1551T>C	.	-1	-1	-1	-1	-1	-1	1551	upstream_gene_variant	NONE	c.-1551T>C	.	-1
NC_045512.2	28007	T	C	S	gene-GU280_gp02	MODIFIER	downstream_gene_variant	transcript	TRANSCRIPT_gene-GU280_gp02	protein_coding	-1	c.*2623T>C	.	-1	-1	-1	-1	-1	-1	2623	downstream_gene_variant	NONE	c.*2623T>C	.	-1
NC_045512.2	28007	T	C	ORF3a	gene-GU280_gp03	MODIFIER	downstream_gene_variant	transcript	TRANSCRIPT_gene-GU280_gp03	protein_coding	-1	c.*1787T>C	.	-1	-1	-1	-1	-1	-1	1787	downstream_gene_variant	NONE	c.*1787T>C	.	-1
NC_045512.2	28007	T	C	E	gene-GU280_gp04	MODIFIER	downstream_gene_variant	transcript	TRANSCRIPT_gene-GU280_gp04	protein_coding	-1	c.*1535T>C	.	-1	-1	-1	-1	-1	-1	1535	downstream_gene_variant	NONE	c.*1535T>C	.	-1
NC_045512.2	28007	T	C	M	gene-GU280_gp05	MODIFIER	downstream_gene_variant	transcript	TRANSCRIPT_gene-GU280_gp05	protein_coding	-1	c.*816T>C	.	-1	-1	-1	-1	-1	-1	816	downstream_gene_variant	NONE	c.*816T>C	.	-1
NC_045512.2	28007	T	C	ORF6	gene-GU280_gp06	MODIFIER	downstream_gene_variant	transcript	TRANSCRIPT_gene-GU280_gp06	protein_coding	-1	c.*620T>C	.	-1	-1	-1	-1	-1	-1	620	downstream_gene_variant	NONE	c.*620T>C	.	-1
NC_045512.2	28007	T	C	ORF7a	gene-GU280_gp07	MODIFIER	downstream_gene_variant	transcript	TRANSCRIPT_gene-GU280_gp07	protein_coding	-1	c.*248T>C	.	-1	-1	-1	-1	-1	-1	248	downstream_gene_variant	NONE	c.*248T>C	.	-1
NC_045512.2	28007	T	C	ORF7b	gene-GU280_gp08	MODIFIER	downstream_gene_variant	transcript	TRANSCRIPT_gene-GU280_gp08	protein_coding	-1	c.*120T>C	.	-1	-1	-1	-1	-1	-1	120	downstream_gene_variant	NONE	c.*120T>C	.	-1
NC_045512.2	28008	A	T	ORF8	gene-GU280_gp09	MODERATE	missense_variant	transcript	TRANSCRIPT_gene-GU280_gp09	protein_coding	1	c.115A>T	p.Ile39Phe	115	366	115	366	39	121	0	missense_variant	NONE	c.115A>T	p.Ile39Phe	121
NC_045512.2	28008	A	T	N	gene-GU280_gp10	MODIFIER	upstream_gene_variant	transcript	TRANSCRIPT_gene-GU280_gp10	protein_coding	-1	c.-266A>T	.	-1	-1	-1	-1	-1	-1	266	upstream_gene_variant	NONE	c.-266A>T	.	-1
NC_045512.2	28008	A	T	ORF10	gene-GU280_gp11	MODIFIER	upstream_gene_variant	transcript	TRANSCRIPT_gene-GU280_gp11	protein_coding	-1	c.-1550A>T	.	-1	-1	-1	-1	-1	-1	1550	upstream_gene_variant	NONE	c.-1550A>T	.	-1
NC_045512.2	28008	A	T	S	gene-GU280_gp02	MODIFIER	downstream_gene_variant	transcript	TRANSCRIPT_gene-GU280_gp02	protein_coding	-1	c.*2624A>T	.	-1	-1	-1	-1	-1	-1	2624	downstream_gene_variant	NONE	c.*2624A>T	.	-1
NC_045512.2	28008	A	T	ORF3a	gene-GU280_gp03	MODIFIER	downstream_gene_variant	transcript	TRANSCRIPT_gene-GU280_gp03	protein_coding	-1	c.*1788A>T	.	-1	-1	-1	-1	-1	-1	1788	downstream_gene_variant	NONE	c.*1788A>T	.	-1
NC_045512.2	28008	A	T	E	gene-GU280_gp04	MODIFIER	downstream_gene_variant	transcript	TRANSCRIPT_gene-GU280_gp04	protein_coding	-1	c.*1536A>T	.	-1	-1	-1	-1	-1	-1	1536	downstream_gene_variant	NONE	c.*1536A>T	.	-1
NC_045512.2	28008	A	T	M	gene-GU280_gp05	MODIFIER	downstream_gene_variant	transcript	TRANSCRIPT_gene-GU280_gp05	protein_coding	-1	c.*817A>T	.	-1	-1	-1	-1	-1	-1	817	downstream_gene_variant	NONE	c.*817A>T	.	-1
NC_045512.2	28008	A	T	ORF6	gene-GU280_gp06	MODIFIER	downstream_gene_variant	transcript	TRANSCRIPT_gene-GU280_gp06	protein_coding	-1	c.*621A>T	.	-1	-1	-1	-1	-1	-1	621	downstream_gene_variant	NONE	c.*621A>T	.	-1
NC_045512.2	28008	A	T	ORF7a	gene-GU280_gp07	MODIFIER	downstream_gene_variant	transcript	TRANSCRIPT_gene-GU280_gp07	protein_coding	-1	c.*249A>T	.	-1	-1	-1	-1	-1	-1	249	downstream_gene_variant	NONE	c.*249A>T	.	-1
NC_045512.2	28008	A	T	ORF7b	gene-GU280_gp08	MODIFIER	downstream_gene_variant	transcript	TRANSCRIPT_gene-GU280_gp08	protein_coding	-1	c.*121A>T	.	-1	-1	-1	-1	-1	-1	121	downstream_gene_variant	NONE	c.*121A>T	.	-1
NC_045512.2	28165	AGG	A	ORF8	gene-GU280_gp09	HIGH	frameshift_variant	transcript	TRANSCRIPT_gene-GU280_gp09	protein_coding	1	c.273_274delGG	p.Glu92fs	273	366	273	366	91	121	0	frameshift_variant	NONE	c.273_274delGG	p.Glu92fs	121
NC_045512.2	28165	AGG	A	N	gene-GU280_gp10	MODIFIER	upstream_gene_variant	transcript	TRANSCRIPT_gene-GU280_gp10	protein_coding	-1	c.-108_-107delGG	.	-1	-1	-1	-1	-1	-1	108	upstream_gene_variant	NONE	c.-108_-107delGG	.	-1
NC_045512.2	28165	AGG	A	ORF10	gene-GU280_gp11	MODIFIER	upstream_gene_variant	transcript	TRANSCRIPT_gene-GU280_gp11	protein_coding	-1	c.-1392_-1391delGG	.	-1	-1	-1	-1	-1	-1	1392	upstream_gene_variant	NONE	c.-1392_-1391delGG	.	-1
NC_045512.2	28165	AGG	A	S	gene-GU280_gp02	MODIFIER	downstream_gene_variant	transcript	TRANSCRIPT_gene-GU280_gp02	protein_coding	-1	c.*2782_*2783delGG	.	-1	-1	-1	-1	-1	-1	2782	downstream_gene_variant	NONE	c.*2782_*2783delGG	.	-1
NC_045512.2	28165	AGG	A	ORF3a	gene-GU280_gp03	MODIFIER	downstream_gene_variant	transcript	TRANSCRIPT_gene-GU280_gp03	protein_coding	-1	c.*1946_*1947delGG	.	-1	-1	-1	-1	-1	-1	1946	downstream_gene_variant	NONE	c.*1946_*1947delGG	.	-1
NC_045512.2	28165	AGG	A	E	gene-GU280_gp04	MODIFIER	downstream_gene_variant	transcript	TRANSCRIPT_gene-GU280_gp04	protein_coding	-1	c.*1694_*1695delGG	.	-1	-1	-1	-1	-1	-1	1694	downstream_gene_variant	NONE	c.*1694_*1695delGG	.	-1
NC_045512.2	28165	AGG	A	M	gene-GU280_gp05	MODIFIER	downstream_gene_variant	transcript	TRANSCRIPT_gene-GU280_gp05	protein_coding	-1	c.*975_*976delGG	.	-1	-1	-1	-1	-1	-1	975	downstream_gene_variant	NONE	c.*975_*976delGG	.	-1
NC_045512.2	28165	AGG	A	ORF6	gene-GU280_gp06	MODIFIER	downstream_gene_variant	transcript	TRANSCRIPT_gene-GU280_gp06	protein_coding	-1	c.*779_*780delGG	.	-1	-1	-1	-1	-1	-1	779	downstream_gene_variant	NONE	c.*779_*780delGG	.	-1
NC_045512.2	28165	AGG	A	ORF7a	gene-GU280_gp07	MODIFIER	downstream_gene_variant	transcript	TRANSCRIPT_gene-GU280_gp07	protein_coding	-1	c.*407_*408delGG	.	-1	-1	-1	-1	-1	-1	407	downstream_gene_variant	NONE	c.*407_*408delGG	.	-1
NC_045512.2	28165	AGG	A	ORF7b	gene-GU280_gp08	MODIFIER	downstream_gene_variant	transcript	TRANSCRIPT_gene-GU280_gp08	protein_coding	-1	c.*279_*280delGG	.	-1	-1	-1	-1	-1	-1	279	downstream_gene_variant	NONE	c.*279_*280delGG	.	-1
NC_045512.2	28169	A	C	ORF8	gene-GU280_gp09	MODERATE	missense_variant	transcript	TRANSCRIPT_gene-GU280_gp09	protein_coding	1	c.276A>C	p.Glu92Asp	276	366	276	366	92	121	0	missense_variant	NONE	c.276A>C	p.Glu92Asp	121
NC_045512.2	28169	A	C	N	gene-GU280_gp10	MODIFIER	upstream_gene_variant	transcript	TRANSCRIPT_gene-GU280_gp10	protein_coding	-1	c.-105A>C	.	-1	-1	-1	-1	-1	-1	105	upstream_gene_variant	NONE	c.-105A>C	.	-1
NC_045512.2	28169	A	C	ORF10	gene-GU280_gp11	MODIFIER	upstream_gene_variant	transcript	TRANSCRIPT_gene-GU280_gp11	protein_coding	-1	c.-1389A>C	.	-1	-1	-1	-1	-1	-1	1389	upstream_gene_variant	NONE	c.-1389A>C	.	-1
NC_045512.2	28169	A	C	S	gene-GU280_gp02	MODIFIER	downstream_gene_variant	transcript	TRANSCRIPT_gene-GU280_gp02	protein_coding	-1	c.*2785A>C	.	-1	-1	-1	-1	-1	-1	2785	downstream_gene_variant	NONE	c.*2785A>C	.	-1
NC_045512.2	28169	A	C	ORF3a	gene-GU280_gp03	MODIFIER	downstream_gene_variant	transcript	TRANSCRIPT_gene-GU280_gp03	protein_coding	-1	c.*1949A>C	.	-1	-1	-1	-1	-1	-1	1949	downstream_gene_variant	NONE	c.*1949A>C	.	-1
NC_045512.2	28169	A	C	E	gene-GU280_gp04	MODIFIER	downstream_gene_variant	transcript	TRANSCRIPT_gene-GU280_gp04	protein_coding	-1	c.*1697A>C	.	-1	-1	-1	-1	-1	-1	1697	downstream_gene_variant	NONE	c.*1697A>C	.	-1
NC_045512.2	28169	A	C	M	gene-GU280_gp05	MODIFIER	downstream_gene_variant	transcript	TRANSCRIPT_gene-GU280_gp05	protein_coding	-1	c.*978A>C	.	-1	-1	-1	-1	-1	-1	978	downstream_gene_variant	NONE	c.*978A>C	.	-1
NC_045512.2	28169	A	C	ORF6	gene-GU280_gp06	MODIFIER	downstream_gene_variant	transcript	TRANSCRIPT_gene-GU280_gp06	protein_coding	-1	c.*782A>C	.	-1	-1	-1	-1	-1	-1	782	downstream_gene_variant	NONE	c.*782A>C	.	-1
NC_045512.2	28169	A	C	ORF7a	gene-GU280_gp07	MODIFIER	downstream_gene_variant	transcript	TRANSCRIPT_gene-GU280_gp07	protein_coding	-1	c.*410A>C	.	-1	-1	-1	-1	-1	-1	410	downstream_gene_variant	NONE	c.*410A>C	.	-1
NC_045512.2	28169	A	C	ORF7b	gene-GU280_gp08	MODIFIER	downstream_gene_variant	transcript	TRANSCRIPT_gene-GU280_gp08	protein_coding	-1	c.*282A>C	.	-1	-1	-1	-1	-1	-1	282	downstream_gene_variant	NONE	c.*282A>C	.	-1
NC_045512.2	28172	TA	T	ORF8	gene-GU280_gp09	HIGH	frameshift_variant	transcript	TRANSCRIPT_gene-GU280_gp09	protein_coding	1	c.282delA	p.Lys94fs	282	366	282	366	94	121	0	frameshift_variant	NONE	c.282delA	p.Lys94fs	121
NC_045512.2	28172	TA	T	N	gene-GU280_gp10	MODIFIER	upstream_gene_variant	transcript	TRANSCRIPT_gene-GU280_gp10	protein_coding	-1	c.-101delA	.	-1	-1	-1	-1	-1	-1	101	upstream_gene_variant	NONE	c.-101delA	.	-1
NC_045512.2	28172	TA	T	ORF10	gene-GU280_gp11	MODIFIER	upstream_gene_variant	transcript	TRANSCRIPT_gene-GU280_gp11	protein_coding	-1	c.-1385delA	.	-1	-1	-1	-1	-1	-1	1385	upstream_gene_variant	NONE	c.-1385delA	.	-1
NC_045512.2	28172	TA	T	S	gene-GU280_gp02	MODIFIER	downstream_gene_variant	transcript	TRANSCRIPT_gene-GU280_gp02	protein_coding	-1	c.*2789delA	.	-1	-1	-1	-1	-1	-1	2789	downstream_gene_variant	NONE	c.*2789delA	.	-1
NC_045512.2	28172	TA	T	ORF3a	gene-GU280_gp03	MODIFIER	downstream_gene_variant	transcript	TRANSCRIPT_gene-GU280_gp03	protein_coding	-1	c.*1953delA	.	-1	-1	-1	-1	-1	-1	1953	downstream_gene_variant	NONE	c.*1953delA	.	-1
NC_045512.2	28172	TA	T	E	gene-GU280_gp04	MODIFIER	downstream_gene_variant	transcript	TRANSCRIPT_gene-GU280_gp04	protein_coding	-1	c.*1701delA	.	-1	-1	-1	-1	-1	-1	1701	downstream_gene_variant	NONE	c.*1701delA	.	-1
NC_045512.2	28172	TA	T	M	gene-GU280_gp05	MODIFIER	downstream_gene_variant	transcript	TRANSCRIPT_gene-GU280_gp05	protein_coding	-1	c.*982delA	.	-1	-1	-1	-1	-1	-1	982	downstream_gene_variant	NONE	c.*982delA	.	-1
NC_045512.2	28172	TA	T	ORF6	gene-GU280_gp06	MODIFIER	downstream_gene_variant	transcript	TRANSCRIPT_gene-GU280_gp06	protein_coding	-1	c.*786delA	.	-1	-1	-1	-1	-1	-1	786	downstream_gene_variant	NONE	c.*786delA	.	-1
NC_045512.2	28172	TA	T	ORF7a	gene-GU280_gp07	MODIFIER	downstream_gene_variant	transcript	TRANSCRIPT_gene-GU280_gp07	protein_coding	-1	c.*414delA	.	-1	-1	-1	-1	-1	-1	414	downstream_gene_variant	NONE	c.*414delA	.	-1
NC_045512.2	28172	TA	T	ORF7b	gene-GU280_gp08	MODIFIER	downstream_gene_variant	transcript	TRANSCRIPT_gene-GU280_gp08	protein_coding	-1	c.*286delA	.	-1	-1	-1	-1	-1	-1	286	downstream_gene_variant	NONE	c.*286delA	.	-1
NC_045512.2	28190	A	C	ORF8	gene-GU280_gp09	LOW	synonymous_variant	transcript	TRANSCRIPT_gene-GU280_gp09	protein_coding	1	c.297A>C	p.Val99Val	297	366	297	366	99	121	0	synonymous_variant	NONE	c.297A>C	p.Val99Val	121
NC_045512.2	28190	A	C	N	gene-GU280_gp10	MODIFIER	upstream_gene_variant	transcript	TRANSCRIPT_gene-GU280_gp10	protein_coding	-1	c.-84A>C	.	-1	-1	-1	-1	-1	-1	84	upstream_gene_variant	NONE	c.-84A>C	.	-1
NC_045512.2	28190	A	C	ORF10	gene-GU280_gp11	MODIFIER	upstream_gene_variant	transcript	TRANSCRIPT_gene-GU280_gp11	protein_coding	-1	c.-1368A>C	.	-1	-1	-1	-1	-1	-1	1368	upstream_gene_variant	NONE	c.-1368A>C	.	-1
NC_045512.2	28190	A	C	S	gene-GU280_gp02	MODIFIER	downstream_gene_variant	transcript	TRANSCRIPT_gene-GU280_gp02	protein_coding	-1	c.*2806A>C	.	-1	-1	-1	-1	-1	-1	2806	downstream_gene_variant	NONE	c.*2806A>C	.	-1
NC_045512.2	28190	A	C	ORF3a	gene-GU280_gp03	MODIFIER	downstream_gene_variant	transcript	TRANSCRIPT_gene-GU280_gp03	protein_coding	-1	c.*1970A>C	.	-1	-1	-1	-1	-1	-1	1970	downstream_gene_variant	NONE	c.*1970A>C	.	-1
NC_045512.2	28190	A	C	E	gene-GU280_gp04	MODIFIER	downstream_gene_variant	transcript	TRANSCRIPT_gene-GU280_gp04	protein_coding	-1	c.*1718A>C	.	-1	-1	-1	-1	-1	-1	1718	downstream_gene_variant	NONE	c.*1718A>C	.	-1
NC_045512.2	28190	A	C	M	gene-GU280_gp05	MODIFIER	downstream_gene_variant	transcript	TRANSCRIPT_gene-GU280_gp05	protein_coding	-1	c.*999A>C	.	-1	-1	-1	-1	-1	-1	999	downstream_gene_variant	NONE	c.*999A>C	.	-1
NC_045512.2	28190	A	C	ORF6	gene-GU280_gp06	MODIFIER	downstream_gene_variant	transcript	TRANSCRIPT_gene-GU280_gp06	protein_coding	-1	c.*803A>C	.	-1	-1	-1	-1	-1	-1	803	downstream_gene_variant	NONE	c.*803A>C	.	-1
NC_045512.2	28190	A	C	ORF7a	gene-GU280_gp07	MODIFIER	downstream_gene_variant	transcript	TRANSCRIPT_gene-GU280_gp07	protein_coding	-1	c.*431A>C	.	-1	-1	-1	-1	-1	-1	431	downstream_gene_variant	NONE	c.*431A>C	.	-1
NC_045512.2	28190	A	C	ORF7b	gene-GU280_gp08	MODIFIER	downstream_gene_variant	transcript	TRANSCRIPT_gene-GU280_gp08	protein_coding	-1	c.*303A>C	.	-1	-1	-1	-1	-1	-1	303	downstream_gene_variant	NONE	c.*303A>C	.	-1
NC_045512.2	28191	G	T	ORF8	gene-GU280_gp09	MODERATE	missense_variant	transcript	TRANSCRIPT_gene-GU280_gp09	protein_coding	1	c.298G>T	p.Val100Leu	298	366	298	366	100	121	0	missense_variant	NONE	c.298G>T	p.Val100Leu	121
NC_045512.2	28191	G	T	N	gene-GU280_gp10	MODIFIER	upstream_gene_variant	transcript	TRANSCRIPT_gene-GU280_gp10	protein_coding	-1	c.-83G>T	.	-1	-1	-1	-1	-1	-1	83	upstream_gene_variant	NONE	c.-83G>T	.	-1
NC_045512.2	28191	G	T	ORF10	gene-GU280_gp11	MODIFIER	upstream_gene_variant	transcript	TRANSCRIPT_gene-GU280_gp11	protein_coding	-1	c.-1367G>T	.	-1	-1	-1	-1	-1	-1	1367	upstream_gene_variant	NONE	c.-1367G>T	.	-1
NC_045512.2	28191	G	T	S	gene-GU280_gp02	MODIFIER	downstream_gene_variant	transcript	TRANSCRIPT_gene-GU280_gp02	protein_coding	-1	c.*2807G>T	.	-1	-1	-1	-1	-1	-1	2807	downstream_gene_variant	NONE	c.*2807G>T	.	-1
NC_045512.2	28191	G	T	ORF3a	gene-GU280_gp03	MODIFIER	downstream_gene_variant	transcript	TRANSCRIPT_gene-GU280_gp03	protein_coding	-1	c.*1971G>T	.	-1	-1	-1	-1	-1	-1	1971	downstream_gene_variant	NONE	c.*1971G>T	.	-1
NC_045512.2	28191	G	T	E	gene-GU280_gp04	MODIFIER	downstream_gene_variant	transcript	TRANSCRIPT_gene-GU280_gp04	protein_coding	-1	c.*1719G>T	.	-1	-1	-1	-1	-1	-1	1719	downstream_gene_variant	NONE	c.*1719G>T	.	-1
NC_045512.2	28191	G	T	M	gene-GU280_gp05	MODIFIER	downstream_gene_variant	transcript	TRANSCRIPT_gene-GU280_gp05	protein_coding	-1	c.*1000G>T	.	-1	-1	-1	-1	-1	-1	1000	downstream_gene_variant	NONE	c.*1000G>T	.	-1
NC_045512.2	28191	G	T	ORF6	gene-GU280_gp06	MODIFIER	downstream_gene_variant	transcript	TRANSCRIPT_gene-GU280_gp06	protein_coding	-1	c.*804G>T	.	-1	-1	-1	-1	-1	-1	804	downstream_gene_variant	NONE	c.*804G>T	.	-1
NC_045512.2	28191	G	T	ORF7a	gene-GU280_gp07	MODIFIER	downstream_gene_variant	transcript	TRANSCRIPT_gene-GU280_gp07	protein_coding	-1	c.*432G>T	.	-1	-1	-1	-1	-1	-1	432	downstream_gene_variant	NONE	c.*432G>T	.	-1
NC_045512.2	28191	G	T	ORF7b	gene-GU280_gp08	MODIFIER	downstream_gene_variant	transcript	TRANSCRIPT_gene-GU280_gp08	protein_coding	-1	c.*304G>T	.	-1	-1	-1	-1	-1	-1	304	downstream_gene_variant	NONE	c.*304G>T	.	-1
NC_045512.2	28214	C	CT	ORF8	gene-GU280_gp09	HIGH	frameshift_variant	transcript	TRANSCRIPT_gene-GU280_gp09	protein_coding	1	c.326dupT	p.Leu109fs	327	366	327	366	109	121	0	frameshift_variant	NONE	c.326dupT	p.Leu109fs	121
NC_045512.2	28214	C	CT	N	gene-GU280_gp10	MODIFIER	upstream_gene_variant	transcript	TRANSCRIPT_gene-GU280_gp10	protein_coding	-1	c.-60_-59insT	.	-1	-1	-1	-1	-1	-1	59	upstream_gene_variant	NONE	c.-60_-59insT	.	-1
NC_045512.2	28214	C	CT	ORF10	gene-GU280_gp11	MODIFIER	upstream_gene_variant	transcript	TRANSCRIPT_gene-GU280_gp11	protein_coding	-1	c.-1344_-1343insT	.	-1	-1	-1	-1	-1	-1	1343	upstream_gene_variant	NONE	c.-1344_-1343insT	.	-1
NC_045512.2	28214	C	CT	S	gene-GU280_gp02	MODIFIER	downstream_gene_variant	transcript	TRANSCRIPT_gene-GU280_gp02	protein_coding	-1	c.*2830_*2831insT	.	-1	-1	-1	-1	-1	-1	2831	downstream_gene_variant	NONE	c.*2830_*2831insT	.	-1
NC_045512.2	28214	C	CT	ORF3a	gene-GU280_gp03	MODIFIER	downstream_gene_variant	transcript	TRANSCRIPT_gene-GU280_gp03	protein_coding	-1	c.*1994_*1995insT	.	-1	-1	-1	-1	-1	-1	1995	downstream_gene_variant	NONE	c.*1994_*1995insT	.	-1
NC_045512.2	28214	C	CT	E	gene-GU280_gp04	MODIFIER	downstream_gene_variant	transcript	TRANSCRIPT_gene-GU280_gp04	protein_coding	-1	c.*1742_*1743insT	.	-1	-1	-1	-1	-1	-1	1743	downstream_gene_variant	NONE	c.*1742_*1743insT	.	-1
NC_045512.2	28214	C	CT	M	gene-GU280_gp05	MODIFIER	downstream_gene_variant	transcript	TRANSCRIPT_gene-GU280_gp05	protein_coding	-1	c.*1023_*1024insT	.	-1	-1	-1	-1	-1	-1	1024	downstream_gene_variant	NONE	c.*1023_*1024insT	.	-1
NC_045512.2	28214	C	CT	ORF6	gene-GU280_gp06	MODIFIER	downstream_gene_variant	transcript	TRANSCRIPT_gene-GU280_gp06	protein_coding	-1	c.*827_*828insT	.	-1	-1	-1	-1	-1	-1	828	downstream_gene_variant	NONE	c.*827_*828insT	.	-1
NC_045512.2	28214	C	CT	ORF7a	gene-GU280_gp07	MODIFIER	downstream_gene_variant	transcript	TRANSCRIPT_gene-GU280_gp07	protein_coding	-1	c.*455_*456insT	.	-1	-1	-1	-1	-1	-1	456	downstream_gene_variant	NONE	c.*455_*456insT	.	-1
NC_045512.2	28214	C	CT	ORF7b	gene-GU280_gp08	MODIFIER	downstream_gene_variant	transcript	TRANSCRIPT_gene-GU280_gp08	protein_coding	-1	c.*327_*328insT	.	-1	-1	-1	-1	-1	-1	328	downstream_gene_variant	NONE	c.*327_*328insT	.	-1
NC_045512.2	28472	C	T	N	gene-GU280_gp10	MODERATE	missense_variant	transcript	TRANSCRIPT_gene-GU280_gp10	protein_coding	1	c.199C>T	p.Pro67Ser	199	1260	199	1260	67	419	0	missense_variant	NONE	c.199C>T	p.Pro67Ser	419
NC_045512.2	28472	C	T	ORF10	gene-GU280_gp11	MODIFIER	upstream_gene_variant	transcript	TRANSCRIPT_gene-GU280_gp11	protein_coding	-1	c.-1086C>T	.	-1	-1	-1	-1	-1	-1	1086	upstream_gene_variant	NONE	c.-1086C>T	.	-1
NC_045512.2	28472	C	T	S	gene-GU280_gp02	MODIFIER	downstream_gene_variant	transcript	TRANSCRIPT_gene-GU280_gp02	protein_coding	-1	c.*3088C>T	.	-1	-1	-1	-1	-1	-1	3088	downstream_gene_variant	NONE	c.*3088C>T	.	-1
NC_045512.2	28472	C	T	ORF3a	gene-GU280_gp03	MODIFIER	downstream_gene_variant	transcript	TRANSCRIPT_gene-GU280_gp03	protein_coding	-1	c.*2252C>T	.	-1	-1	-1	-1	-1	-1	2252	downstream_gene_variant	NONE	c.*2252C>T	.	-1
NC_045512.2	28472	C	T	E	gene-GU280_gp04	MODIFIER	downstream_gene_variant	transcript	TRANSCRIPT_gene-GU280_gp04	protein_coding	-1	c.*2000C>T	.	-1	-1	-1	-1	-1	-1	2000	downstream_gene_variant	NONE	c.*2000C>T	.	-1
NC_045512.2	28472	C	T	M	gene-GU280_gp05	MODIFIER	downstream_gene_variant	transcript	TRANSCRIPT_gene-GU280_gp05	protein_coding	-1	c.*1281C>T	.	-1	-1	-1	-1	-1	-1	1281	downstream_gene_variant	NONE	c.*1281C>T	.	-1
NC_045512.2	28472	C	T	ORF6	gene-GU280_gp06	MODIFIER	downstream_gene_variant	transcript	TRANSCRIPT_gene-GU280_gp06	protein_coding	-1	c.*1085C>T	.	-1	-1	-1	-1	-1	-1	1085	downstream_gene_variant	NONE	c.*1085C>T	.	-1
NC_045512.2	28472	C	T	ORF7a	gene-GU280_gp07	MODIFIER	downstream_gene_variant	transcript	TRANSCRIPT_gene-GU280_gp07	protein_coding	-1	c.*713C>T	.	-1	-1	-1	-1	-1	-1	713	downstream_gene_variant	NONE	c.*713C>T	.	-1
NC_045512.2	28472	C	T	ORF7b	gene-GU280_gp08	MODIFIER	downstream_gene_variant	transcript	TRANSCRIPT_gene-GU280_gp08	protein_coding	-1	c.*585C>T	.	-1	-1	-1	-1	-1	-1	585	downstream_gene_variant	NONE	c.*585C>T	.	-1
NC_045512.2	28472	C	T	ORF8	gene-GU280_gp09	MODIFIER	downstream_gene_variant	transcript	TRANSCRIPT_gene-GU280_gp09	protein_coding	-1	c.*213C>T	.	-1	-1	-1	-1	-1	-1	213	downstream_gene_variant	NONE	c.*213C>T	.	-1
NC_045512.2	28576	G	A	N	gene-GU280_gp10	MODERATE	missense_variant	transcript	TRANSCRIPT_gene-GU280_gp10	protein_coding	1	c.303G>A	p.Met101Ile	303	1260	303	1260	101	419	0	missense_variant	NONE	c.303G>A	p.Met101Ile	419
NC_045512.2	28576	G	A	ORF10	gene-GU280_gp11	MODIFIER	upstream_gene_variant	transcript	TRANSCRIPT_gene-GU280_gp11	protein_coding	-1	c.-982G>A	.	-1	-1	-1	-1	-1	-1	982	upstream_gene_variant	NONE	c.-982G>A	.	-1
NC_045512.2	28576	G	A	S	gene-GU280_gp02	MODIFIER	downstream_gene_variant	transcript	TRANSCRIPT_gene-GU280_gp02	protein_coding	-1	c.*3192G>A	.	-1	-1	-1	-1	-1	-1	3192	downstream_gene_variant	NONE	c.*3192G>A	.	-1
NC_045512.2	28576	G	A	ORF3a	gene-GU280_gp03	MODIFIER	downstream_gene_variant	transcript	TRANSCRIPT_gene-GU280_gp03	protein_coding	-1	c.*2356G>A	.	-1	-1	-1	-1	-1	-1	2356	downstream_gene_variant	NONE	c.*2356G>A	.	-1
NC_045512.2	28576	G	A	E	gene-GU280_gp04	MODIFIER	downstream_gene_variant	transcript	TRANSCRIPT_gene-GU280_gp04	protein_coding	-1	c.*2104G>A	.	-1	-1	-1	-1	-1	-1	2104	downstream_gene_variant	NONE	c.*2104G>A	.	-1
NC_045512.2	28576	G	A	M	gene-GU280_gp05	MODIFIER	downstream_gene_variant	transcript	TRANSCRIPT_gene-GU280_gp05	protein_coding	-1	c.*1385G>A	.	-1	-1	-1	-1	-1	-1	1385	downstream_gene_variant	NONE	c.*1385G>A	.	-1
NC_045512.2	28576	G	A	ORF6	gene-GU280_gp06	MODIFIER	downstream_gene_variant	transcript	TRANSCRIPT_gene-GU280_gp06	protein_coding	-1	c.*1189G>A	.	-1	-1	-1	-1	-1	-1	1189	downstream_gene_variant	NONE	c.*1189G>A	.	-1
NC_045512.2	28576	G	A	ORF7a	gene-GU280_gp07	MODIFIER	downstream_gene_variant	transcript	TRANSCRIPT_gene-GU280_gp07	protein_coding	-1	c.*817G>A	.	-1	-1	-1	-1	-1	-1	817	downstream_gene_variant	NONE	c.*817G>A	.	-1
NC_045512.2	28576	G	A	ORF7b	gene-GU280_gp08	MODIFIER	downstream_gene_variant	transcript	TRANSCRIPT_gene-GU280_gp08	protein_coding	-1	c.*689G>A	.	-1	-1	-1	-1	-1	-1	689	downstream_gene_variant	NONE	c.*689G>A	.	-1
NC_045512.2	28576	G	A	ORF8	gene-GU280_gp09	MODIFIER	downstream_gene_variant	transcript	TRANSCRIPT_gene-GU280_gp09	protein_coding	-1	c.*317G>A	.	-1	-1	-1	-1	-1	-1	317	downstream_gene_variant	NONE	c.*317G>A	.	-1
NC_045512.2	28639	C	A	N	gene-GU280_gp10	LOW	synonymous_variant	transcript	TRANSCRIPT_gene-GU280_gp10	protein_coding	1	c.366C>A	p.Pro122Pro	366	1260	366	1260	122	419	0	synonymous_variant	NONE	c.366C>A	p.Pro122Pro	419
NC_045512.2	28639	C	A	ORF10	gene-GU280_gp11	MODIFIER	upstream_gene_variant	transcript	TRANSCRIPT_gene-GU280_gp11	protein_coding	-1	c.-919C>A	.	-1	-1	-1	-1	-1	-1	919	upstream_gene_variant	NONE	c.-919C>A	.	-1
NC_045512.2	28639	C	A	S	gene-GU280_gp02	MODIFIER	downstream_gene_variant	transcript	TRANSCRIPT_gene-GU280_gp02	protein_coding	-1	c.*3255C>A	.	-1	-1	-1	-1	-1	-1	3255	downstream_gene_variant	NONE	c.*3255C>A	.	-1
NC_045512.2	28639	C	A	ORF3a	gene-GU280_gp03	MODIFIER	downstream_gene_variant	transcript	TRANSCRIPT_gene-GU280_gp03	protein_coding	-1	c.*2419C>A	.	-1	-1	-1	-1	-1	-1	2419	downstream_gene_variant	NONE	c.*2419C>A	.	-1
NC_045512.2	28639	C	A	E	gene-GU280_gp04	MODIFIER	downstream_gene_variant	transcript	TRANSCRIPT_gene-GU280_gp04	protein_coding	-1	c.*2167C>A	.	-1	-1	-1	-1	-1	-1	2167	downstream_gene_variant	NONE	c.*2167C>A	.	-1
NC_045512.2	28639	C	A	M	gene-GU280_gp05	MODIFIER	downstream_gene_variant	transcript	TRANSCRIPT_gene-GU280_gp05	protein_coding	-1	c.*1448C>A	.	-1	-1	-1	-1	-1	-1	1448	downstream_gene_variant	NONE	c.*1448C>A	.	-1
NC_045512.2	28639	C	A	ORF6	gene-GU280_gp06	MODIFIER	downstream_gene_variant	transcript	TRANSCRIPT_gene-GU280_gp06	protein_coding	-1	c.*1252C>A	.	-1	-1	-1	-1	-1	-1	1252	downstream_gene_variant	NONE	c.*1252C>A	.	-1
NC_045512.2	28639	C	A	ORF7a	gene-GU280_gp07	MODIFIER	downstream_gene_variant	transcript	TRANSCRIPT_gene-GU280_gp07	protein_coding	-1	c.*880C>A	.	-1	-1	-1	-1	-1	-1	880	downstream_gene_variant	NONE	c.*880C>A	.	-1
NC_045512.2	28639	C	A	ORF7b	gene-GU280_gp08	MODIFIER	downstream_gene_variant	transcript	TRANSCRIPT_gene-GU280_gp08	protein_coding	-1	c.*752C>A	.	-1	-1	-1	-1	-1	-1	752	downstream_gene_variant	NONE	c.*752C>A	.	-1
NC_045512.2	28639	C	A	ORF8	gene-GU280_gp09	MODIFIER	downstream_gene_variant	transcript	TRANSCRIPT_gene-GU280_gp09	protein_coding	-1	c.*380C>A	.	-1	-1	-1	-1	-1	-1	380	downstream_gene_variant	NONE	c.*380C>A	.	-1
NC_045512.2	28698	CA	C	N	gene-GU280_gp10	HIGH	frameshift_variant	transcript	TRANSCRIPT_gene-GU280_gp10	protein_coding	1	c.429delA	p.Asp144fs	429	1260	429	1260	143	419	0	frameshift_variant	NONE	c.429delA	p.Asp144fs	419
NC_045512.2	28698	CA	C	ORF10	gene-GU280_gp11	MODIFIER	upstream_gene_variant	transcript	TRANSCRIPT_gene-GU280_gp11	protein_coding	-1	c.-859delA	.	-1	-1	-1	-1	-1	-1	859	upstream_gene_variant	NONE	c.-859delA	.	-1
NC_045512.2	28698	CA	C	S	gene-GU280_gp02	MODIFIER	downstream_gene_variant	transcript	TRANSCRIPT_gene-GU280_gp02	protein_coding	-1	c.*3315delA	.	-1	-1	-1	-1	-1	-1	3315	downstream_gene_variant	NONE	c.*3315delA	.	-1
NC_045512.2	28698	CA	C	ORF3a	gene-GU280_gp03	MODIFIER	downstream_gene_variant	transcript	TRANSCRIPT_gene-GU280_gp03	protein_coding	-1	c.*2479delA	.	-1	-1	-1	-1	-1	-1	2479	downstream_gene_variant	NONE	c.*2479delA	.	-1
NC_045512.2	28698	CA	C	E	gene-GU280_gp04	MODIFIER	downstream_gene_variant	transcript	TRANSCRIPT_gene-GU280_gp04	protein_coding	-1	c.*2227delA	.	-1	-1	-1	-1	-1	-1	2227	downstream_gene_variant	NONE	c.*2227delA	.	-1
NC_045512.2	28698	CA	C	M	gene-GU280_gp05	MODIFIER	downstream_gene_variant	transcript	TRANSCRIPT_gene-GU280_gp05	protein_coding	-1	c.*1508delA	.	-1	-1	-1	-1	-1	-1	1508	downstream_gene_variant	NONE	c.*1508delA	.	-1
NC_045512.2	28698	CA	C	ORF6	gene-GU280_gp06	MODIFIER	downstream_gene_variant	transcript	TRANSCRIPT_gene-GU280_gp06	protein_coding	-1	c.*1312delA	.	-1	-1	-1	-1	-1	-1	1312	downstream_gene_variant	NONE	c.*1312delA	.	-1
NC_045512.2	28698	CA	C	ORF7a	gene-GU280_gp07	MODIFIER	downstream_gene_variant	transcript	TRANSCRIPT_gene-GU280_gp07	protein_coding	-1	c.*940delA	.	-1	-1	-1	-1	-1	-1	940	downstream_gene_variant	NONE	c.*940delA	.	-1
NC_045512.2	28698	CA	C	ORF7b	gene-GU280_gp08	MODIFIER	downstream_gene_variant	transcript	TRANSCRIPT_gene-GU280_gp08	protein_coding	-1	c.*812delA	.	-1	-1	-1	-1	-1	-1	812	downstream_gene_variant	NONE	c.*812delA	.	-1
NC_045512.2	28698	CA	C	ORF8	gene-GU280_gp09	MODIFIER	downstream_gene_variant	transcript	TRANSCRIPT_gene-GU280_gp09	protein_coding	-1	c.*440delA	.	-1	-1	-1	-1	-1	-1	440	downstream_gene_variant	NONE	c.*440delA	.	-1
NC_045512.2	28869	C	T	N	gene-GU280_gp10	MODERATE	missense_variant	transcript	TRANSCRIPT_gene-GU280_gp10	protein_coding	1	c.596C>T	p.Pro199Leu	596	1260	596	1260	199	419	0	missense_variant	NONE	c.596C>T	p.Pro199Leu	419
NC_045512.2	28869	C	T	ORF10	gene-GU280_gp11	MODIFIER	upstream_gene_variant	transcript	TRANSCRIPT_gene-GU280_gp11	protein_coding	-1	c.-689C>T	.	-1	-1	-1	-1	-1	-1	689	upstream_gene_variant	NONE	c.-689C>T	.	-1
NC_045512.2	28869	C	T	S	gene-GU280_gp02	MODIFIER	downstream_gene_variant	transcript	TRANSCRIPT_gene-GU280_gp02	protein_coding	-1	c.*3485C>T	.	-1	-1	-1	-1	-1	-1	3485	downstream_gene_variant	NONE	c.*3485C>T	.	-1
NC_045512.2	28869	C	T	ORF3a	gene-GU280_gp03	MODIFIER	downstream_gene_variant	transcript	TRANSCRIPT_gene-GU280_gp03	protein_coding	-1	c.*2649C>T	.	-1	-1	-1	-1	-1	-1	2649	downstream_gene_variant	NONE	c.*2649C>T	.	-1
NC_045512.2	28869	C	T	E	gene-GU280_gp04	MODIFIER	downstream_gene_variant	transcript	TRANSCRIPT_gene-GU280_gp04	protein_coding	-1	c.*2397C>T	.	-1	-1	-1	-1	-1	-1	2397	downstream_gene_variant	NONE	c.*2397C>T	.	-1
NC_045512.2	28869	C	T	M	gene-GU280_gp05	MODIFIER	downstream_gene_variant	transcript	TRANSCRIPT_gene-GU280_gp05	protein_coding	-1	c.*1678C>T	.	-1	-1	-1	-1	-1	-1	1678	downstream_gene_variant	NONE	c.*1678C>T	.	-1
NC_045512.2	28869	C	T	ORF6	gene-GU280_gp06	MODIFIER	downstream_gene_variant	transcript	TRANSCRIPT_gene-GU280_gp06	protein_coding	-1	c.*1482C>T	.	-1	-1	-1	-1	-1	-1	1482	downstream_gene_variant	NONE	c.*1482C>T	.	-1
NC_045512.2	28869	C	T	ORF7a	gene-GU280_gp07	MODIFIER	downstream_gene_variant	transcript	TRANSCRIPT_gene-GU280_gp07	protein_coding	-1	c.*1110C>T	.	-1	-1	-1	-1	-1	-1	1110	downstream_gene_variant	NONE	c.*1110C>T	.	-1
NC_045512.2	28869	C	T	ORF7b	gene-GU280_gp08	MODIFIER	downstream_gene_variant	transcript	TRANSCRIPT_gene-GU280_gp08	protein_coding	-1	c.*982C>T	.	-1	-1	-1	-1	-1	-1	982	downstream_gene_variant	NONE	c.*982C>T	.	-1
NC_045512.2	28869	C	T	ORF8	gene-GU280_gp09	MODIFIER	downstream_gene_variant	transcript	TRANSCRIPT_gene-GU280_gp09	protein_coding	-1	c.*610C>T	.	-1	-1	-1	-1	-1	-1	610	downstream_gene_variant	NONE	c.*610C>T	.	-1
NC_045512.2	29051	C	CA	N	gene-GU280_gp10	HIGH	frameshift_variant	transcript	TRANSCRIPT_gene-GU280_gp10	protein_coding	1	c.783dupA	p.Arg262fs	784	1260	784	1260	262	419	0	frameshift_variant	NONE	c.783dupA	p.Arg262fs	419
NC_045512.2	29051	C	CA	ORF10	gene-GU280_gp11	MODIFIER	upstream_gene_variant	transcript	TRANSCRIPT_gene-GU280_gp11	protein_coding	-1	c.-507_-506insA	.	-1	-1	-1	-1	-1	-1	506	upstream_gene_variant	NONE	c.-507_-506insA	.	-1
NC_045512.2	29051	C	CA	S	gene-GU280_gp02	MODIFIER	downstream_gene_variant	transcript	TRANSCRIPT_gene-GU280_gp02	protein_coding	-1	c.*3667_*3668insA	.	-1	-1	-1	-1	-1	-1	3668	downstream_gene_variant	NONE	c.*3667_*3668insA	.	-1
NC_045512.2	29051	C	CA	ORF3a	gene-GU280_gp03	MODIFIER	downstream_gene_variant	transcript	TRANSCRIPT_gene-GU280_gp03	protein_coding	-1	c.*2831_*2832insA	.	-1	-1	-1	-1	-1	-1	2832	downstream_gene_variant	NONE	c.*2831_*2832insA	.	-1
NC_045512.2	29051	C	CA	E	gene-GU280_gp04	MODIFIER	downstream_gene_variant	transcript	TRANSCRIPT_gene-GU280_gp04	protein_coding	-1	c.*2579_*2580insA	.	-1	-1	-1	-1	-1	-1	2580	downstream_gene_variant	NONE	c.*2579_*2580insA	.	-1
NC_045512.2	29051	C	CA	M	gene-GU280_gp05	MODIFIER	downstream_gene_variant	transcript	TRANSCRIPT_gene-GU280_gp05	protein_coding	-1	c.*1860_*1861insA	.	-1	-1	-1	-1	-1	-1	1861	downstream_gene_variant	NONE	c.*1860_*1861insA	.	-1
NC_045512.2	29051	C	CA	ORF6	gene-GU280_gp06	MODIFIER	downstream_gene_variant	transcript	TRANSCRIPT_gene-GU280_gp06	protein_coding	-1	c.*1664_*1665insA	.	-1	-1	-1	-1	-1	-1	1665	downstream_gene_variant	NONE	c.*1664_*1665insA	.	-1
NC_045512.2	29051	C	CA	ORF7a	gene-GU280_gp07	MODIFIER	downstream_gene_variant	transcript	TRANSCRIPT_gene-GU280_gp07	protein_coding	-1	c.*1292_*1293insA	.	-1	-1	-1	-1	-1	-1	1293	downstream_gene_variant	NONE	c.*1292_*1293insA	.	-1
NC_045512.2	29051	C	CA	ORF7b	gene-GU280_gp08	MODIFIER	downstream_gene_variant	transcript	TRANSCRIPT_gene-GU280_gp08	protein_coding	-1	c.*1164_*1165insA	.	-1	-1	-1	-1	-1	-1	1165	downstream_gene_variant	NONE	c.*1164_*1165insA	.	-1
NC_045512.2	29051	C	CA	ORF8	gene-GU280_gp09	MODIFIER	downstream_gene_variant	transcript	TRANSCRIPT_gene-GU280_gp09	protein_coding	-1	c.*792_*793insA	.	-1	-1	-1	-1	-1	-1	793	downstream_gene_variant	NONE	c.*792_*793insA	.	-1
NC_045512.2	29581	T	C	ORF10	gene-GU280_gp11	LOW	synonymous_variant	transcript	TRANSCRIPT_gene-GU280_gp11	protein_coding	1	c.24T>C	p.Ala8Ala	24	117	24	117	8	38	0	synonymous_variant	NONE	c.24T>C	p.Ala8Ala	38
NC_045512.2	29581	T	C	S	gene-GU280_gp02	MODIFIER	downstream_gene_variant	transcript	TRANSCRIPT_gene-GU280_gp02	protein_coding	-1	c.*4197T>C	.	-1	-1	-1	-1	-1	-1	4197	downstream_gene_variant	NONE	c.*4197T>C	.	-1
NC_045512.2	29581	T	C	ORF3a	gene-GU280_gp03	MODIFIER	downstream_gene_variant	transcript	TRANSCRIPT_gene-GU280_gp03	protein_coding	-1	c.*3361T>C	.	-1	-1	-1	-1	-1	-1	3361	downstream_gene_variant	NONE	c.*3361T>C	.	-1
NC_045512.2	29581	T	C	E	gene-GU280_gp04	MODIFIER	downstream_gene_variant	transcript	TRANSCRIPT_gene-GU280_gp04	protein_coding	-1	c.*3109T>C	.	-1	-1	-1	-1	-1	-1	3109	downstream_gene_variant	NONE	c.*3109T>C	.	-1
NC_045512.2	29581	T	C	M	gene-GU280_gp05	MODIFIER	downstream_gene_variant	transcript	TRANSCRIPT_gene-GU280_gp05	protein_coding	-1	c.*2390T>C	.	-1	-1	-1	-1	-1	-1	2390	downstream_gene_variant	NONE	c.*2390T>C	.	-1
NC_045512.2	29581	T	C	ORF6	gene-GU280_gp06	MODIFIER	downstream_gene_variant	transcript	TRANSCRIPT_gene-GU280_gp06	protein_coding	-1	c.*2194T>C	.	-1	-1	-1	-1	-1	-1	2194	downstream_gene_variant	NONE	c.*2194T>C	.	-1
NC_045512.2	29581	T	C	ORF7a	gene-GU280_gp07	MODIFIER	downstream_gene_variant	transcript	TRANSCRIPT_gene-GU280_gp07	protein_coding	-1	c.*1822T>C	.	-1	-1	-1	-1	-1	-1	1822	downstream_gene_variant	NONE	c.*1822T>C	.	-1
NC_045512.2	29581	T	C	ORF7b	gene-GU280_gp08	MODIFIER	downstream_gene_variant	transcript	TRANSCRIPT_gene-GU280_gp08	protein_coding	-1	c.*1694T>C	.	-1	-1	-1	-1	-1	-1	1694	downstream_gene_variant	NONE	c.*1694T>C	.	-1
NC_045512.2	29581	T	C	ORF8	gene-GU280_gp09	MODIFIER	downstream_gene_variant	transcript	TRANSCRIPT_gene-GU280_gp09	protein_coding	-1	c.*1322T>C	.	-1	-1	-1	-1	-1	-1	1322	downstream_gene_variant	NONE	c.*1322T>C	.	-1
NC_045512.2	29581	T	C	N	gene-GU280_gp10	MODIFIER	downstream_gene_variant	transcript	TRANSCRIPT_gene-GU280_gp10	protein_coding	-1	c.*48T>C	.	-1	-1	-1	-1	-1	-1	48	downstream_gene_variant	NONE	c.*48T>C	.	-1
NC_045512.2	29749	A	C	S	gene-GU280_gp02	MODIFIER	downstream_gene_variant	transcript	TRANSCRIPT_gene-GU280_gp02	protein_coding	-1	c.*4365A>C	.	-1	-1	-1	-1	-1	-1	4365	downstream_gene_variant	NONE	c.*4365A>C	.	-1
NC_045512.2	29749	A	C	ORF3a	gene-GU280_gp03	MODIFIER	downstream_gene_variant	transcript	TRANSCRIPT_gene-GU280_gp03	protein_coding	-1	c.*3529A>C	.	-1	-1	-1	-1	-1	-1	3529	downstream_gene_variant	NONE	c.*3529A>C	.	-1
NC_045512.2	29749	A	C	E	gene-GU280_gp04	MODIFIER	downstream_gene_variant	transcript	TRANSCRIPT_gene-GU280_gp04	protein_coding	-1	c.*3277A>C	.	-1	-1	-1	-1	-1	-1	3277	downstream_gene_variant	NONE	c.*3277A>C	.	-1
NC_045512.2	29749	A	C	M	gene-GU280_gp05	MODIFIER	downstream_gene_variant	transcript	TRANSCRIPT_gene-GU280_gp05	protein_coding	-1	c.*2558A>C	.	-1	-1	-1	-1	-1	-1	2558	downstream_gene_variant	NONE	c.*2558A>C	.	-1
NC_045512.2	29749	A	C	ORF6	gene-GU280_gp06	MODIFIER	downstream_gene_variant	transcript	TRANSCRIPT_gene-GU280_gp06	protein_coding	-1	c.*2362A>C	.	-1	-1	-1	-1	-1	-1	2362	downstream_gene_variant	NONE	c.*2362A>C	.	-1
NC_045512.2	29749	A	C	ORF7a	gene-GU280_gp07	MODIFIER	downstream_gene_variant	transcript	TRANSCRIPT_gene-GU280_gp07	protein_coding	-1	c.*1990A>C	.	-1	-1	-1	-1	-1	-1	1990	downstream_gene_variant	NONE	c.*1990A>C	.	-1
NC_045512.2	29749	A	C	ORF7b	gene-GU280_gp08	MODIFIER	downstream_gene_variant	transcript	TRANSCRIPT_gene-GU280_gp08	protein_coding	-1	c.*1862A>C	.	-1	-1	-1	-1	-1	-1	1862	downstream_gene_variant	NONE	c.*1862A>C	.	-1
NC_045512.2	29749	A	C	ORF8	gene-GU280_gp09	MODIFIER	downstream_gene_variant	transcript	TRANSCRIPT_gene-GU280_gp09	protein_coding	-1	c.*1490A>C	.	-1	-1	-1	-1	-1	-1	1490	downstream_gene_variant	NONE	c.*1490A>C	.	-1
NC_045512.2	29749	A	C	N	gene-GU280_gp10	MODIFIER	downstream_gene_variant	transcript	TRANSCRIPT_gene-GU280_gp10	protein_coding	-1	c.*216A>C	.	-1	-1	-1	-1	-1	-1	216	downstream_gene_variant	NONE	c.*216A>C	.	-1
NC_045512.2	29749	A	C	ORF10	gene-GU280_gp11	MODIFIER	downstream_gene_variant	transcript	TRANSCRIPT_gene-GU280_gp11	protein_coding	-1	c.*75A>C	.	-1	-1	-1	-1	-1	-1	75	downstream_gene_variant	NONE	c.*75A>C	.	-1
NC_045512.2	29749	A	C	ORF10-CHR_END	gene-GU280_gp11-CHR_END	MODIFIER	intergenic_region	intergenic_region	gene-GU280_gp11-CHR_END	.	-1	n.29749A>C	.	-1	-1	-1	-1	-1	-1	0	intergenic_region	NONE	n.29749A>C	.	-1
NC_045512.2	29760	T	C	S	gene-GU280_gp02	MODIFIER	downstream_gene_variant	transcript	TRANSCRIPT_gene-GU280_gp02	protein_coding	-1	c.*4376T>C	.	-1	-1	-1	-1	-1	-1	4376	downstream_gene_variant	NONE	c.*4376T>C	.	-1
NC_045512.2	29760	T	C	ORF3a	gene-GU280_gp03	MODIFIER	downstream_gene_variant	transcript	TRANSCRIPT_gene-GU280_gp03	protein_coding	-1	c.*3540T>C	.	-1	-1	-1	-1	-1	-1	3540	downstream_gene_variant	NONE	c.*3540T>C	.	-1
NC_045512.2	29760	T	C	E	gene-GU280_gp04	MODIFIER	downstream_gene_variant	transcript	TRANSCRIPT_gene-GU280_gp04	protein_coding	-1	c.*3288T>C	.	-1	-1	-1	-1	-1	-1	3288	downstream_gene_variant	NONE	c.*3288T>C	.	-1
NC_045512.2	29760	T	C	M	gene-GU280_gp05	MODIFIER	downstream_gene_variant	transcript	TRANSCRIPT_gene-GU280_gp05	protein_coding	-1	c.*2569T>C	.	-1	-1	-1	-1	-1	-1	2569	downstream_gene_variant	NONE	c.*2569T>C	.	-1
NC_045512.2	29760	T	C	ORF6	gene-GU280_gp06	MODIFIER	downstream_gene_variant	transcript	TRANSCRIPT_gene-GU280_gp06	protein_coding	-1	c.*2373T>C	.	-1	-1	-1	-1	-1	-1	2373	downstream_gene_variant	NONE	c.*2373T>C	.	-1
NC_045512.2	29760	T	C	ORF7a	gene-GU280_gp07	MODIFIER	downstream_gene_variant	transcript	TRANSCRIPT_gene-GU280_gp07	protein_coding	-1	c.*2001T>C	.	-1	-1	-1	-1	-1	-1	2001	downstream_gene_variant	NONE	c.*2001T>C	.	-1
NC_045512.2	29760	T	C	ORF7b	gene-GU280_gp08	MODIFIER	downstream_gene_variant	transcript	TRANSCRIPT_gene-GU280_gp08	protein_coding	-1	c.*1873T>C	.	-1	-1	-1	-1	-1	-1	1873	downstream_gene_variant	NONE	c.*1873T>C	.	-1
NC_045512.2	29760	T	C	ORF8	gene-GU280_gp09	MODIFIER	downstream_gene_variant	transcript	TRANSCRIPT_gene-GU280_gp09	protein_coding	-1	c.*1501T>C	.	-1	-1	-1	-1	-1	-1	1501	downstream_gene_variant	NONE	c.*1501T>C	.	-1
NC_045512.2	29760	T	C	N	gene-GU280_gp10	MODIFIER	downstream_gene_variant	transcript	TRANSCRIPT_gene-GU280_gp10	protein_coding	-1	c.*227T>C	.	-1	-1	-1	-1	-1	-1	227	downstream_gene_variant	NONE	c.*227T>C	.	-1
NC_045512.2	29760	T	C	ORF10	gene-GU280_gp11	MODIFIER	downstream_gene_variant	transcript	TRANSCRIPT_gene-GU280_gp11	protein_coding	-1	c.*86T>C	.	-1	-1	-1	-1	-1	-1	86	downstream_gene_variant	NONE	c.*86T>C	.	-1
NC_045512.2	29760	T	C	ORF10-CHR_END	gene-GU280_gp11-CHR_END	MODIFIER	intergenic_region	intergenic_region	gene-GU280_gp11-CHR_END	.	-1	n.29760T>C	.	-1	-1	-1	-1	-1	-1	0	intergenic_region	NONE	n.29760T>C	.	-1
NC_045512.2	29767	A	C	S	gene-GU280_gp02	MODIFIER	downstream_gene_variant	transcript	TRANSCRIPT_gene-GU280_gp02	protein_coding	-1	c.*4383A>C	.	-1	-1	-1	-1	-1	-1	4383	downstream_gene_variant	NONE	c.*4383A>C	.	-1
NC_045512.2	29767	A	C	ORF3a	gene-GU280_gp03	MODIFIER	downstream_gene_variant	transcript	TRANSCRIPT_gene-GU280_gp03	protein_coding	-1	c.*3547A>C	.	-1	-1	-1	-1	-1	-1	3547	downstream_gene_variant	NONE	c.*3547A>C	.	-1
NC_045512.2	29767	A	C	E	gene-GU280_gp04	MODIFIER	downstream_gene_variant	transcript	TRANSCRIPT_gene-GU280_gp04	protein_coding	-1	c.*3295A>C	.	-1	-1	-1	-1	-1	-1	3295	downstream_gene_variant	NONE	c.*3295A>C	.	-1
NC_045512.2	29767	A	C	M	gene-GU280_gp05	MODIFIER	downstream_gene_variant	transcript	TRANSCRIPT_gene-GU280_gp05	protein_coding	-1	c.*2576A>C	.	-1	-1	-1	-1	-1	-1	2576	downstream_gene_variant	NONE	c.*2576A>C	.	-1
NC_045512.2	29767	A	C	ORF6	gene-GU280_gp06	MODIFIER	downstream_gene_variant	transcript	TRANSCRIPT_gene-GU280_gp06	protein_coding	-1	c.*2380A>C	.	-1	-1	-1	-1	-1	-1	2380	downstream_gene_variant	NONE	c.*2380A>C	.	-1
NC_045512.2	29767	A	C	ORF7a	gene-GU280_gp07	MODIFIER	downstream_gene_variant	transcript	TRANSCRIPT_gene-GU280_gp07	protein_coding	-1	c.*2008A>C	.	-1	-1	-1	-1	-1	-1	2008	downstream_gene_variant	NONE	c.*2008A>C	.	-1
NC_045512.2	29767	A	C	ORF7b	gene-GU280_gp08	MODIFIER	downstream_gene_variant	transcript	TRANSCRIPT_gene-GU280_gp08	protein_coding	-1	c.*1880A>C	.	-1	-1	-1	-1	-1	-1	1880	downstream_gene_variant	NONE	c.*1880A>C	.	-1
NC_045512.2	29767	A	C	ORF8	gene-GU280_gp09	MODIFIER	downstream_gene_variant	transcript	TRANSCRIPT_gene-GU280_gp09	protein_coding	-1	c.*1508A>C	.	-1	-1	-1	-1	-1	-1	1508	downstream_gene_variant	NONE	c.*1508A>C	.	-1
NC_045512.2	29767	A	C	N	gene-GU280_gp10	MODIFIER	downstream_gene_variant	transcript	TRANSCRIPT_gene-GU280_gp10	protein_coding	-1	c.*234A>C	.	-1	-1	-1	-1	-1	-1	234	downstream_gene_variant	NONE	c.*234A>C	.	-1
NC_045512.2	29767	A	C	ORF10	gene-GU280_gp11	MODIFIER	downstream_gene_variant	transcript	TRANSCRIPT_gene-GU280_gp11	protein_coding	-1	c.*93A>C	.	-1	-1	-1	-1	-1	-1	93	downstream_gene_variant	NONE	c.*93A>C	.	-1
NC_045512.2	29767	A	C	ORF10-CHR_END	gene-GU280_gp11-CHR_END	MODIFIER	intergenic_region	intergenic_region	gene-GU280_gp11-CHR_END	.	-1	n.29767A>C	.	-1	-1	-1	-1	-1	-1	0	intergenic_region	NONE	n.29767A>C	.	-1
NC_045512.2	29852	A	G	S	gene-GU280_gp02	MODIFIER	downstream_gene_variant	transcript	TRANSCRIPT_gene-GU280_gp02	protein_coding	-1	c.*4468A>G	.	-1	-1	-1	-1	-1	-1	4468	downstream_gene_variant	NONE	c.*4468A>G	.	-1
NC_045512.2	29852	A	G	ORF3a	gene-GU280_gp03	MODIFIER	downstream_gene_variant	transcript	TRANSCRIPT_gene-GU280_gp03	protein_coding	-1	c.*3632A>G	.	-1	-1	-1	-1	-1	-1	3632	downstream_gene_variant	NONE	c.*3632A>G	.	-1
NC_045512.2	29852	A	G	E	gene-GU280_gp04	MODIFIER	downstream_gene_variant	transcript	TRANSCRIPT_gene-GU280_gp04	protein_coding	-1	c.*3380A>G	.	-1	-1	-1	-1	-1	-1	3380	downstream_gene_variant	NONE	c.*3380A>G	.	-1
NC_045512.2	29852	A	G	M	gene-GU280_gp05	MODIFIER	downstream_gene_variant	transcript	TRANSCRIPT_gene-GU280_gp05	protein_coding	-1	c.*2661A>G	.	-1	-1	-1	-1	-1	-1	2661	downstream_gene_variant	NONE	c.*2661A>G	.	-1
NC_045512.2	29852	A	G	ORF6	gene-GU280_gp06	MODIFIER	downstream_gene_variant	transcript	TRANSCRIPT_gene-GU280_gp06	protein_coding	-1	c.*2465A>G	.	-1	-1	-1	-1	-1	-1	2465	downstream_gene_variant	NONE	c.*2465A>G	.	-1
NC_045512.2	29852	A	G	ORF7a	gene-GU280_gp07	MODIFIER	downstream_gene_variant	transcript	TRANSCRIPT_gene-GU280_gp07	protein_coding	-1	c.*2093A>G	.	-1	-1	-1	-1	-1	-1	2093	downstream_gene_variant	NONE	c.*2093A>G	.	-1
NC_045512.2	29852	A	G	ORF7b	gene-GU280_gp08	MODIFIER	downstream_gene_variant	transcript	TRANSCRIPT_gene-GU280_gp08	protein_coding	-1	c.*1965A>G	.	-1	-1	-1	-1	-1	-1	1965	downstream_gene_variant	NONE	c.*1965A>G	.	-1
NC_045512.2	29852	A	G	ORF8	gene-GU280_gp09	MODIFIER	downstream_gene_variant	transcript	TRANSCRIPT_gene-GU280_gp09	protein_coding	-1	c.*1593A>G	.	-1	-1	-1	-1	-1	-1	1593	downstream_gene_variant	NONE	c.*1593A>G	.	-1
NC_045512.2	29852	A	G	N	gene-GU280_gp10	MODIFIER	downstream_gene_variant	transcript	TRANSCRIPT_gene-GU280_gp10	protein_coding	-1	c.*319A>G	.	-1	-1	-1	-1	-1	-1	319	downstream_gene_variant	NONE	c.*319A>G	.	-1
NC_045512.2	29852	A	G	ORF10	gene-GU280_gp11	MODIFIER	downstream_gene_variant	transcript	TRANSCRIPT_gene-GU280_gp11	protein_coding	-1	c.*178A>G	.	-1	-1	-1	-1	-1	-1	178	downstream_gene_variant	NONE	c.*178A>G	.	-1
NC_045512.2	29852	A	G	ORF10-CHR_END	gene-GU280_gp11-CHR_END	MODIFIER	intergenic_region	intergenic_region	gene-GU280_gp11-CHR_END	.	-1	n.29852A>G	.	-1	-1	-1	-1	-1	-1	0	intergenic_region	NONE	n.29852A>G	.	-1
